dataMain;tcpDownload;tcpUpload;jitterDownload;jitterUpload;udpDownload;udpUpload;perdaPacotes;latencia;servidor;dataPing;ping;destination;isGw
03/11/15 09:48;23.88 Mbit/s;23.57 Mbit/s;< 1 ms;1.08 ms;24.05 Mbit/s;24.08 Mbit/s;0.0 %;5.1 ms;PTT Metro de Sao Paulo - Nodo 2 - PIX ALOG Tambore;;;;;
03/11/15 08:48;24.91 Mbit/s;24.48 Mbit/s;< 1 ms;< 1 ms;24.05 Mbit/s;24.4 Mbit/s;0.0 %;5.1 ms;PTT Metro de Sao Paulo - PIX ALOG Tambore;;;;;
03/11/15 07:48;24.85 Mbit/s;24.51 Mbit/s;< 1 ms;1.41 ms;24.27 Mbit/s;23.87 Mbit/s;0.0 %;4.56 ms;PTT Metro de Sao Paulo - Nodo 3;;;;;
03/11/15 06:48;22.54 Mbit/s;24.36 Mbit/s;< 1 ms;3.53 ms;23.27 Mbit/s;24.33 Mbit/s;0.0 %;4.53 ms;PTT Metro de Sao Paulo - Nodo 4;;;;;
03/11/15 05:48;24.9 Mbit/s;23.82 Mbit/s;< 1 ms;< 1 ms;24.39 Mbit/s;23.61 Mbit/s;0.0 %;5.01 ms;PTT Metro de Sao Paulo - PIX ALOG Tambore;;;;;
03/11/15 04:48;24.96 Mbit/s;24.42 Mbit/s;< 1 ms;< 1 ms;24.22 Mbit/s;24.36 Mbit/s;0.0 %;5.1 ms;PTT Metro de Sao Paulo - Nodo 3 - PIX ALOG Tambore;;;;;
03/11/15 03:48;25.08 Mbit/s;24.41 Mbit/s;< 1 ms;< 1 ms;24.37 Mbit/s;24.38 Mbit/s;0.0 %;4.49 ms;PTT Metro de Sao Paulo - Nodo 3;;;;;
03/11/15 02:48;25.01 Mbit/s;24.42 Mbit/s;< 1 ms;< 1 ms;24.28 Mbit/s;24.01 Mbit/s;0.0 %;4.51 ms;PTT Metro de Sao Paulo - Nodo 4;;;;;
03/11/15 01:48;24.92 Mbit/s;24.46 Mbit/s;2.83 ms;< 1 ms;24.36 Mbit/s;24.39 Mbit/s;0.0 %;4.45 ms;PTT Metro de Sao Paulo - Nodo 2;;;;;
03/11/15 00:48;24.99 Mbit/s;24.56 Mbit/s;< 1 ms;< 1 ms;24.29 Mbit/s;24.18 Mbit/s;0.0 %;5.15 ms;PTT Metro de Sao Paulo - Nodo 3 - PIX ALOG Tambore;;;;;
02/11/15 23:48;24.92 Mbit/s;24.53 Mbit/s;< 1 ms;< 1 ms;24.32 Mbit/s;24.4 Mbit/s;0.0 %;4.51 ms;PTT Metro de Sao Paulo - Nodo 3;;;;;
02/11/15 22:48;24.98 Mbit/s;24.47 Mbit/s;< 1 ms;< 1 ms;24.35 Mbit/s;24.4 Mbit/s;0.0 %;4.5 ms;PTT Metro de Sao Paulo - Nodo 4;;;;;
02/11/15 21:48;24.87 Mbit/s;23.63 Mbit/s;< 1 ms;< 1 ms;24.55 Mbit/s;23.54 Mbit/s;0.0 %;4.52 ms;PTT Metro de Sao Paulo - Nodo 2;;;;;
02/11/15 20:48;24.98 Mbit/s;24.4 Mbit/s;< 1 ms;< 1 ms;24.4 Mbit/s;24.35 Mbit/s;0.0 %;5.05 ms;PTT Metro de Sao Paulo - Nodo 2 - PIX ALOG Tambore;;;;;
02/11/15 19:48;24.89 Mbit/s;24.36 Mbit/s;< 1 ms;< 1 ms;24.11 Mbit/s;24.32 Mbit/s;0.0 %;4.58 ms;PTT Metro de Sao Paulo - Nodo 3;;;;;
02/11/15 18:48;23.29 Mbit/s;24.42 Mbit/s;< 1 ms;2.75 ms;23.56 Mbit/s;24.37 Mbit/s;0.0 %;8.75 ms;PTT Metro de Sao Paulo - Nodo 3 - PIX ALOG Tambore;;;;;
02/11/15 17:48;24.83 Mbit/s;22.86 Mbit/s;5.16 ms;< 1 ms;24.08 Mbit/s;23.4 Mbit/s;0.0 %;5.2 ms;PTT Metro de Sao Paulo - Nodo 2 - PIX ALOG Tambore;;;;;
02/11/15 16:48;24.65 Mbit/s;24.55 Mbit/s;< 1 ms;< 1 ms;24.13 Mbit/s;23.58 Mbit/s;0.0 %;5.08 ms;PTT Metro de Sao Paulo - PIX ALOG Tambore;;;;;
02/11/15 15:48;22.7 Mbit/s;23.72 Mbit/s;< 1 ms;< 1 ms;23.49 Mbit/s;24.05 Mbit/s;0.0 %;4.58 ms;PTT Metro de Sao Paulo - Nodo 3;;;;;
02/11/15 14:48;24.92 Mbit/s;22.61 Mbit/s;1.07 ms;< 1 ms;23.91 Mbit/s;23.38 Mbit/s;0.0 %;5.1 ms;PTT Metro de Sao Paulo - Nodo 2 - PIX ALOG Tambore;;;;;
02/11/15 13:48;22.59 Mbit/s;22.61 Mbit/s;< 1 ms;< 1 ms;23.44 Mbit/s;23.67 Mbit/s;0.0 %;7.04 ms;PTT Metro de Sao Paulo - PIX ALOG Tambore;;;;;
02/11/15 12:48;24.79 Mbit/s;21.48 Mbit/s;< 1 ms;1.13 ms;23.7 Mbit/s;22.87 Mbit/s;0.0 %;7.22 ms;PTT Metro de Sao Paulo - Nodo 3 - PIX ALOG Tambore;;;;;
02/11/15 11:48;23.34 Mbit/s;24.4 Mbit/s;< 1 ms;< 1 ms;23.76 Mbit/s;24.3 Mbit/s;0.0 %;4.81 ms;PTT Metro de Sao Paulo - Nodo 2;;;;;
02/11/15 10:48;22.56 Mbit/s;23.26 Mbit/s;< 1 ms;< 1 ms;23.48 Mbit/s;23.64 Mbit/s;0.0 %;4.73 ms;PTT Metro de Sao Paulo - Nodo 1;;;;;
02/11/15 09:48;24.91 Mbit/s;24.5 Mbit/s;< 1 ms;< 1 ms;24.24 Mbit/s;24.31 Mbit/s;0.0 %;4.53 ms;PTT Metro de Sao Paulo - Nodo 4;;;;;
02/11/15 07:48;22.09 Mbit/s;24.17 Mbit/s;< 1 ms;< 1 ms;23.07 Mbit/s;24.28 Mbit/s;0.0 %;4.62 ms;PTT Metro de Sao Paulo - Nodo 3;;;;;
02/11/15 06:48;24.97 Mbit/s;24.52 Mbit/s;< 1 ms;< 1 ms;24.1 Mbit/s;23.69 Mbit/s;0.0 %;4.52 ms;PTT Metro de Sao Paulo - Nodo 2;;;;;
02/11/15 05:48;24.9 Mbit/s;23.82 Mbit/s;< 1 ms;< 1 ms;24.21 Mbit/s;24.24 Mbit/s;0.0 %;4.54 ms;PTT Metro de Sao Paulo - Nodo 1;;;;;
02/11/15 04:48;24.3 Mbit/s;24.47 Mbit/s;< 1 ms;< 1 ms;24.16 Mbit/s;24.39 Mbit/s;0.0 %;4.59 ms;PTT Metro de Sao Paulo - Nodo 4;;;;;
02/11/15 03:48;25.02 Mbit/s;24.5 Mbit/s;< 1 ms;< 1 ms;24.41 Mbit/s;24.4 Mbit/s;0.0 %;5.53 ms;PTT Metro de Sao Paulo - Nodo 3;;;;;
02/11/15 02:48;25.0 Mbit/s;24.5 Mbit/s;< 1 ms;< 1 ms;24.36 Mbit/s;24.4 Mbit/s;0.0 %;4.96 ms;PTT Metro de Sao Paulo - PIX ALOG Tambore;;;;;
02/11/15 01:48;24.65 Mbit/s;24.49 Mbit/s;< 1 ms;< 1 ms;24.05 Mbit/s;24.22 Mbit/s;0.0 %;5.07 ms;PTT Metro de Sao Paulo - Nodo 3 - PIX ALOG Tambore;;;;;
02/11/15 00:48;24.34 Mbit/s;24.4 Mbit/s;< 1 ms;< 1 ms;24.03 Mbit/s;24.14 Mbit/s;0.0 %;4.5 ms;PTT Metro de Sao Paulo - Nodo 4;;;;;
01/11/15 23:49;24.45 Mbit/s;24.37 Mbit/s;< 1 ms;< 1 ms;24.0 Mbit/s;24.13 Mbit/s;0.0 %;4.66 ms;PTT Metro de Sao Paulo - Nodo 3;;;;;
01/11/15 22:48;24.96 Mbit/s;24.42 Mbit/s;< 1 ms;< 1 ms;24.4 Mbit/s;24.37 Mbit/s;0.0 %;4.66 ms;PTT Metro de Sao Paulo - Nodo 2;;;;;
01/11/15 21:48;23.83 Mbit/s;24.49 Mbit/s;< 1 ms;< 1 ms;23.9 Mbit/s;24.06 Mbit/s;0.0 %;4.54 ms;PTT Metro de Sao Paulo - Nodo 1;;;;;
01/11/15 20:48;25.06 Mbit/s;24.41 Mbit/s;< 1 ms;< 1 ms;24.2 Mbit/s;24.01 Mbit/s;0.0 %;5.1 ms;PTT Metro de Sao Paulo - PIX ALOG Tambore;;;;;
01/11/15 19:48;24.15 Mbit/s;24.47 Mbit/s;< 1 ms;< 1 ms;23.77 Mbit/s;23.56 Mbit/s;0.0 %;5.08 ms;PTT Metro de Sao Paulo - Nodo 3 - PIX ALOG Tambore;;;;;
01/11/15 18:48;24.81 Mbit/s;23.53 Mbit/s;< 1 ms;< 1 ms;24.3 Mbit/s;23.63 Mbit/s;0.0 %;5.47 ms;PTT Metro de Sao Paulo - Nodo 2;;;;;
01/11/15 17:48;24.6 Mbit/s;24.4 Mbit/s;< 1 ms;< 1 ms;24.22 Mbit/s;24.35 Mbit/s;0.0 %;4.96 ms;PTT Metro de Sao Paulo - PIX ALOG Tambore;;;;;
01/11/15 16:48;23.91 Mbit/s;24.48 Mbit/s;< 1 ms;2.95 ms;24.0 Mbit/s;24.38 Mbit/s;0.0 %;4.64 ms;PTT Metro de Sao Paulo - Nodo 4;;;;;
01/11/15 15:48;24.93 Mbit/s;24.37 Mbit/s;< 1 ms;< 1 ms;24.22 Mbit/s;24.34 Mbit/s;0.0 %;5.12 ms;PTT Metro de Sao Paulo - PIX ALOG Tambore;;;;;
01/11/15 14:48;22.84 Mbit/s;22.87 Mbit/s;< 1 ms;< 1 ms;23.64 Mbit/s;23.47 Mbit/s;0.0 %;4.52 ms;NIC.br nodo 2;;;;;
01/11/15 13:48;24.31 Mbit/s;24.06 Mbit/s;< 1 ms;< 1 ms;23.75 Mbit/s;24.13 Mbit/s;0.0 %;4.49 ms;PTT Metro de Sao Paulo - Nodo 1;;;;;
01/11/15 12:48;23.32 Mbit/s;24.36 Mbit/s;< 1 ms;< 1 ms;23.23 Mbit/s;23.54 Mbit/s;0.0 %;5.15 ms;PTT Metro de Sao Paulo - PIX ALOG Tambore;;;;;
01/11/15 11:48;23.85 Mbit/s;24.45 Mbit/s;< 1 ms;< 1 ms;23.74 Mbit/s;24.17 Mbit/s;0.0 %;4.52 ms;PTT Metro de Sao Paulo - Nodo 4;;;;;
01/11/15 10:48;24.85 Mbit/s;24.53 Mbit/s;< 1 ms;< 1 ms;24.09 Mbit/s;24.38 Mbit/s;0.0 %;4.52 ms;PTT Metro de Sao Paulo - Nodo 2;;;;;
01/11/15 09:48;23.37 Mbit/s;24.28 Mbit/s;< 1 ms;< 1 ms;23.85 Mbit/s;24.33 Mbit/s;0.0 %;4.6 ms;PTT Metro de Sao Paulo - Nodo 1;;;;;
01/11/15 08:48;25.0 Mbit/s;22.81 Mbit/s;< 1 ms;< 1 ms;24.35 Mbit/s;22.72 Mbit/s;0.0 %;4.54 ms;PTT Metro de Sao Paulo - Nodo 3;;;;;
01/11/15 07:48;24.92 Mbit/s;24.5 Mbit/s;< 1 ms;< 1 ms;24.27 Mbit/s;24.29 Mbit/s;0.0 %;5.61 ms;PTT Metro de Sao Paulo - Nodo 4;;;;;
01/11/15 06:48;24.37 Mbit/s;24.43 Mbit/s;< 1 ms;< 1 ms;23.76 Mbit/s;24.34 Mbit/s;0.0 %;5.55 ms;PTT Metro de Sao Paulo - Nodo 2;;;;;
01/11/15 05:48;25.04 Mbit/s;23.72 Mbit/s;< 1 ms;< 1 ms;24.35 Mbit/s;24.17 Mbit/s;0.0 %;4.63 ms;PTT Metro de Sao Paulo - Nodo 1;;;;;
01/11/15 04:48;24.98 Mbit/s;24.54 Mbit/s;< 1 ms;< 1 ms;24.37 Mbit/s;24.4 Mbit/s;0.0 %;4.69 ms;PTT Metro de Sao Paulo - Nodo 3;;;;;
01/11/15 03:49;24.64 Mbit/s;24.49 Mbit/s;< 1 ms;< 1 ms;24.35 Mbit/s;24.2 Mbit/s;0.0 %;4.49 ms;PTT Metro de Sao Paulo - Nodo 4;;;;;
01/11/15 02:48;24.9 Mbit/s;24.29 Mbit/s;< 1 ms;< 1 ms;24.39 Mbit/s;24.16 Mbit/s;0.0 %;4.58 ms;NIC.br nodo 2;;;;;
01/11/15 01:48;24.84 Mbit/s;24.42 Mbit/s;< 1 ms;< 1 ms;24.16 Mbit/s;24.18 Mbit/s;0.0 %;5.11 ms;PTT Metro de Sao Paulo - PIX ALOG Tambore;;;;;
01/11/15 00:48;24.04 Mbit/s;24.48 Mbit/s;< 1 ms;< 1 ms;24.1 Mbit/s;23.32 Mbit/s;0.0 %;5.19 ms;PTT Metro de Sao Paulo - Nodo 3 - PIX ALOG Tambore;;;;;
31/10/15 23:48;22.09 Mbit/s;24.51 Mbit/s;< 1 ms;< 1 ms;23.27 Mbit/s;24.37 Mbit/s;0.0 %;4.55 ms;PTT Metro de Sao Paulo - Nodo 3;;;;;
31/10/15 22:48;23.74 Mbit/s;22.86 Mbit/s;< 1 ms;< 1 ms;23.65 Mbit/s;23.62 Mbit/s;0.0 %;5.12 ms;PTT Metro de Sao Paulo - PIX ALOG Tambore;;;;;
31/10/15 21:48;23.39 Mbit/s;23.44 Mbit/s;< 1 ms;< 1 ms;23.85 Mbit/s;24.05 Mbit/s;0.0 %;6.19 ms;PTT Metro de Sao Paulo - Nodo 3 - PIX ALOG Tambore;;;;;
31/10/15 20:48;23.32 Mbit/s;24.21 Mbit/s;1.85 ms;< 1 ms;23.56 Mbit/s;24.27 Mbit/s;0.0 %;4.54 ms;PTT Metro de Sao Paulo - Nodo 1;;;;;
31/10/15 19:48;24.63 Mbit/s;22.69 Mbit/s;< 1 ms;< 1 ms;24.21 Mbit/s;22.88 Mbit/s;0.0 %;4.51 ms;PTT Metro de Sao Paulo - Nodo 3;;;;;
31/10/15 18:48;24.95 Mbit/s;24.55 Mbit/s;< 1 ms;< 1 ms;24.31 Mbit/s;23.89 Mbit/s;0.0 %;5.01 ms;PTT Metro de Sao Paulo - Nodo 4;;;;;
31/10/15 17:48;23.11 Mbit/s;23.45 Mbit/s;< 1 ms;< 1 ms;23.58 Mbit/s;23.92 Mbit/s;0.0 %;4.57 ms;PTT Metro de Sao Paulo - Nodo 3;;;;;
31/10/15 15:48;24.52 Mbit/s;24.43 Mbit/s;< 1 ms;< 1 ms;23.03 Mbit/s;23.98 Mbit/s;0.0 %;4.59 ms;NIC.br nodo 2;;;;;
31/10/15 13:49;24.86 Mbit/s;22.09 Mbit/s;4.89 ms;3.01 ms;24.03 Mbit/s;23.35 Mbit/s;0.0 %;6.54 ms;PTT Metro de Sao Paulo - Nodo 1;;;;;
31/10/15 12:48;24.83 Mbit/s;24.45 Mbit/s;< 1 ms;< 1 ms;24.33 Mbit/s;24.2 Mbit/s;0.0 %;4.56 ms;PTT Metro de Sao Paulo - Nodo 4;;;;;
31/10/15 11:48;23.72 Mbit/s;23.58 Mbit/s;< 1 ms;< 1 ms;23.95 Mbit/s;23.78 Mbit/s;0.0 %;5.03 ms;PTT Metro de Sao Paulo - Nodo 2 - PIX ALOG Tambore;;;;;
31/10/15 10:48;22.12 Mbit/s;22.8 Mbit/s;< 1 ms;< 1 ms;23.15 Mbit/s;23.77 Mbit/s;0.0 %;5.12 ms;PTT Metro de Sao Paulo - Nodo 2 - PIX ALOG Tambore;;;;;
31/10/15 09:48;24.68 Mbit/s;24.57 Mbit/s;< 1 ms;4.45 ms;23.87 Mbit/s;24.41 Mbit/s;0.0 %;4.56 ms;PTT Metro de Sao Paulo - Nodo 4;;;;;
31/10/15 08:48;23.96 Mbit/s;23.21 Mbit/s;4.82 ms;< 1 ms;23.68 Mbit/s;23.85 Mbit/s;0.0 %;5.63 ms;NIC.br nodo 2;;;;;
31/10/15 07:48;24.91 Mbit/s;24.49 Mbit/s;< 1 ms;< 1 ms;24.36 Mbit/s;24.34 Mbit/s;0.0 %;5.16 ms;PTT Metro de Sao Paulo - Nodo 3 - PIX ALOG Tambore;;;;;
31/10/15 06:48;24.95 Mbit/s;24.58 Mbit/s;< 1 ms;< 1 ms;24.25 Mbit/s;24.38 Mbit/s;0.0 %;4.57 ms;PTT Metro de Sao Paulo - Nodo 2;;;;;
31/10/15 05:48;24.99 Mbit/s;24.49 Mbit/s;< 1 ms;< 1 ms;24.14 Mbit/s;24.4 Mbit/s;0.0 %;5.09 ms;PTT Metro de Sao Paulo - PIX ALOG Tambore;;;;;
31/10/15 04:48;24.72 Mbit/s;24.34 Mbit/s;< 1 ms;< 1 ms;24.2 Mbit/s;24.39 Mbit/s;0.0 %;4.59 ms;PTT Metro de Sao Paulo - Nodo 4;;;;;
31/10/15 03:48;24.99 Mbit/s;24.6 Mbit/s;< 1 ms;< 1 ms;24.34 Mbit/s;24.39 Mbit/s;0.0 %;5.04 ms;PTT Metro de Sao Paulo - Nodo 2 - PIX ALOG Tambore;;;;;
31/10/15 02:48;24.58 Mbit/s;24.49 Mbit/s;1.32 ms;< 1 ms;24.22 Mbit/s;24.35 Mbit/s;0.0 %;5.04 ms;PTT Metro de Sao Paulo - PIX ALOG Tambore;;;;;
31/10/15 01:48;24.99 Mbit/s;24.52 Mbit/s;< 1 ms;< 1 ms;24.37 Mbit/s;24.35 Mbit/s;0.0 %;4.57 ms;PTT Metro de Sao Paulo - Nodo 1;;;;;
31/10/15 00:48;24.89 Mbit/s;24.43 Mbit/s;2.91 ms;< 1 ms;24.36 Mbit/s;23.4 Mbit/s;0.0 %;4.71 ms;PTT Metro de Sao Paulo - Nodo 4;;;;;
30/10/15 23:48;24.88 Mbit/s;24.46 Mbit/s;< 1 ms;< 1 ms;24.31 Mbit/s;24.36 Mbit/s;0.0 %;4.58 ms;PTT Metro de Sao Paulo - Nodo 3;;;;;
30/10/15 22:48;24.52 Mbit/s;24.11 Mbit/s;< 1 ms;< 1 ms;24.12 Mbit/s;23.88 Mbit/s;0.0 %;4.75 ms;PTT Metro de Sao Paulo - Nodo 2;;;;;
30/10/15 21:48;23.88 Mbit/s;23.41 Mbit/s;< 1 ms;< 1 ms;23.75 Mbit/s;23.95 Mbit/s;0.0 %;4.5 ms;PTT Metro de Sao Paulo - Nodo 1;;;;;
30/10/15 20:48;22.48 Mbit/s;22.35 Mbit/s;< 1 ms;< 1 ms;22.78 Mbit/s;23.3 Mbit/s;0.0 %;5.14 ms;PTT Metro de Sao Paulo - PIX ALOG Tambore;;;;;
30/10/15 19:48;23.61 Mbit/s;24.23 Mbit/s;< 1 ms;< 1 ms;23.56 Mbit/s;23.85 Mbit/s;0.0 %;4.51 ms;PTT Metro de Sao Paulo - Nodo 3;;;;;
30/10/15 18:48;24.85 Mbit/s;23.57 Mbit/s;< 1 ms;1.5 ms;24.18 Mbit/s;24.03 Mbit/s;0.0 %;4.57 ms;PTT Metro de Sao Paulo - Nodo 2;;;;;
30/10/15 17:48;22.81 Mbit/s;23.27 Mbit/s;< 1 ms;< 1 ms;23.54 Mbit/s;23.15 Mbit/s;0.0 %;5.47 ms;PTT Metro de Sao Paulo - Nodo 1;;;;;
30/10/15 16:48;23.05 Mbit/s;23.47 Mbit/s;< 1 ms;< 1 ms;23.64 Mbit/s;23.83 Mbit/s;0.0 %;4.56 ms;PTT Metro de Sao Paulo - Nodo 4;;;;;
30/10/15 15:48;24.63 Mbit/s;23.44 Mbit/s;< 1 ms;< 1 ms;24.02 Mbit/s;24.02 Mbit/s;0.0 %;4.58 ms;PTT Metro de Sao Paulo - Nodo 3;;;;;
30/10/15 14:48;25.01 Mbit/s;24.24 Mbit/s;< 1 ms;< 1 ms;24.11 Mbit/s;23.74 Mbit/s;0.67 %;5.56 ms;PTT Metro de Sao Paulo - Nodo 2;;;;;
30/10/15 13:48;24.9 Mbit/s;24.39 Mbit/s;< 1 ms;< 1 ms;24.15 Mbit/s;24.34 Mbit/s;0.0 %;5.28 ms;PTT Metro de Sao Paulo - Nodo 3 - PIX ALOG Tambore;;;;;
30/10/15 12:48;22.56 Mbit/s;24.15 Mbit/s;< 1 ms;3.27 ms;23.44 Mbit/s;24.21 Mbit/s;0.0 %;4.81 ms;PTT Metro de Sao Paulo - Nodo 4;;;;;
30/10/15 11:48;24.74 Mbit/s;24.45 Mbit/s;< 1 ms;< 1 ms;24.04 Mbit/s;23.98 Mbit/s;0.0 %;5.04 ms;PTT Metro de Sao Paulo - Nodo 3 - PIX ALOG Tambore;;;;;
30/10/15 10:48;21.77 Mbit/s;24.37 Mbit/s;< 1 ms;< 1 ms;22.44 Mbit/s;23.98 Mbit/s;0.0 %;5.2 ms;PTT Metro de Sao Paulo - Nodo 3 - PIX ALOG Tambore;;;;;
30/10/15 09:48;24.47 Mbit/s;24.21 Mbit/s;< 1 ms;< 1 ms;23.95 Mbit/s;23.91 Mbit/s;0.0 %;6.19 ms;PTT Metro de Sao Paulo - Nodo 2 - PIX ALOG Tambore;;;;;
30/10/15 08:48;24.13 Mbit/s;24.28 Mbit/s;< 1 ms;< 1 ms;24.03 Mbit/s;23.71 Mbit/s;0.0 %;4.54 ms;PTT Metro de Sao Paulo - Nodo 3;;;;;
30/10/15 07:48;23.55 Mbit/s;24.26 Mbit/s;< 1 ms;< 1 ms;23.87 Mbit/s;23.87 Mbit/s;0.0 %;6.06 ms;PTT Metro de Sao Paulo - Nodo 3 - PIX ALOG Tambore;;;;;
30/10/15 06:48;24.61 Mbit/s;24.33 Mbit/s;< 1 ms;< 1 ms;24.2 Mbit/s;24.36 Mbit/s;0.0 %;5.05 ms;PTT Metro de Sao Paulo - Nodo 2 - PIX ALOG Tambore;;;;;
30/10/15 05:48;24.94 Mbit/s;23.99 Mbit/s;< 1 ms;< 1 ms;24.18 Mbit/s;23.98 Mbit/s;0.0 %;4.55 ms;PTT Metro de Sao Paulo - Nodo 4;;;;;
30/10/15 04:48;24.4 Mbit/s;24.45 Mbit/s;< 1 ms;< 1 ms;24.04 Mbit/s;24.25 Mbit/s;0.0 %;5.12 ms;PTT Metro de Sao Paulo - Nodo 3 - PIX ALOG Tambore;;;;;
30/10/15 03:48;24.9 Mbit/s;24.36 Mbit/s;< 1 ms;< 1 ms;24.4 Mbit/s;24.16 Mbit/s;0.0 %;4.59 ms;PTT Metro de Sao Paulo - Nodo 2;;;;;
30/10/15 02:48;24.85 Mbit/s;24.43 Mbit/s;< 1 ms;< 1 ms;24.37 Mbit/s;24.15 Mbit/s;0.0 %;4.66 ms;PTT Metro de Sao Paulo - Nodo 1;;;;;
30/10/15 01:48;24.58 Mbit/s;24.4 Mbit/s;< 1 ms;< 1 ms;23.89 Mbit/s;24.29 Mbit/s;0.0 %;4.74 ms;PTT Metro de Sao Paulo - Nodo 4;;;;;
30/10/15 00:48;25.02 Mbit/s;24.52 Mbit/s;< 1 ms;< 1 ms;24.33 Mbit/s;24.38 Mbit/s;0.0 %;4.64 ms;PTT Metro de Sao Paulo - Nodo 3;;;;;
29/10/15 23:48;24.94 Mbit/s;24.36 Mbit/s;< 1 ms;< 1 ms;24.31 Mbit/s;24.33 Mbit/s;0.0 %;4.6 ms;PTT Metro de Sao Paulo - Nodo 2;;;;;
29/10/15 22:48;24.07 Mbit/s;23.34 Mbit/s;< 1 ms;< 1 ms;23.97 Mbit/s;23.46 Mbit/s;0.0 %;4.64 ms;PTT Metro de Sao Paulo - Nodo 1;;;;;
29/10/15 21:48;24.71 Mbit/s;23.84 Mbit/s;< 1 ms;3.15 ms;23.54 Mbit/s;23.54 Mbit/s;0.0 %;5.49 ms;PTT Metro de Sao Paulo - Nodo 4;;;;;
29/10/15 20:48;21.54 Mbit/s;23.64 Mbit/s;< 1 ms;< 1 ms;22.68 Mbit/s;23.9 Mbit/s;0.0 %;4.58 ms;PTT Metro de Sao Paulo - Nodo 3;;;;;
29/10/15 19:48;22.14 Mbit/s;22.46 Mbit/s;< 1 ms;< 1 ms;23.29 Mbit/s;22.36 Mbit/s;0.0 %;5.48 ms;PTT Metro de Sao Paulo - Nodo 2;;;;;
29/10/15 18:48;23.63 Mbit/s;24.53 Mbit/s;< 1 ms;< 1 ms;23.63 Mbit/s;23.86 Mbit/s;0.0 %;5.12 ms;PTT Metro de Sao Paulo - Nodo 2 - PIX ALOG Tambore;;;;;
29/10/15 17:48;24.86 Mbit/s;23.75 Mbit/s;< 1 ms;< 1 ms;24.29 Mbit/s;23.13 Mbit/s;0.0 %;4.62 ms;PTT Metro de Sao Paulo - Nodo 4;;;;;
29/10/15 16:48;24.87 Mbit/s;24.2 Mbit/s;< 1 ms;< 1 ms;24.17 Mbit/s;24.07 Mbit/s;0.0 %;5.0 ms;PTT Metro de Sao Paulo - Nodo 3 - PIX ALOG Tambore;;;;;
29/10/15 15:48;23.68 Mbit/s;23.03 Mbit/s;< 1 ms;< 1 ms;23.25 Mbit/s;23.31 Mbit/s;0.0 %;4.65 ms;PTT Metro de Sao Paulo - Nodo 2;;;;;
29/10/15 14:48;24.33 Mbit/s;23.96 Mbit/s;< 1 ms;< 1 ms;24.03 Mbit/s;24.16 Mbit/s;0.0 %;4.56 ms;PTT Metro de Sao Paulo - Nodo 1;;;;;
29/10/15 13:48;24.68 Mbit/s;24.29 Mbit/s;< 1 ms;< 1 ms;24.1 Mbit/s;23.69 Mbit/s;0.0 %;4.67 ms;PTT Metro de Sao Paulo - Nodo 4;;;;;
29/10/15 12:48;22.89 Mbit/s;22.51 Mbit/s;< 1 ms;1.17 ms;23.06 Mbit/s;23.53 Mbit/s;0.0 %;4.71 ms;PTT Metro de Sao Paulo - Nodo 1;;;;;
29/10/15 11:48;24.73 Mbit/s;24.08 Mbit/s;< 1 ms;< 1 ms;23.61 Mbit/s;24.25 Mbit/s;0.0 %;4.56 ms;PTT Metro de Sao Paulo - Nodo 4;;;;;
29/10/15 10:48;23.15 Mbit/s;24.47 Mbit/s;< 1 ms;< 1 ms;23.54 Mbit/s;23.75 Mbit/s;0.0 %;4.52 ms;PTT Metro de Sao Paulo - Nodo 3;;;;;
29/10/15 09:48;24.59 Mbit/s;24.17 Mbit/s;2.95 ms;< 1 ms;24.26 Mbit/s;24.1 Mbit/s;0.67 %;5.85 ms;PTT Metro de Sao Paulo - Nodo 2;;;;;
29/10/15 08:48;24.96 Mbit/s;24.46 Mbit/s;< 1 ms;< 1 ms;23.99 Mbit/s;24.37 Mbit/s;0.0 %;5.18 ms;PTT Metro de Sao Paulo - PIX ALOG Tambore;;;;;
29/10/15 07:48;24.78 Mbit/s;24.34 Mbit/s;6.98 ms;< 1 ms;24.29 Mbit/s;24.36 Mbit/s;0.0 %;7.4 ms;PTT Metro de Sao Paulo - Nodo 4;;;;;
29/10/15 06:48;23.9 Mbit/s;24.5 Mbit/s;< 1 ms;< 1 ms;24.19 Mbit/s;24.28 Mbit/s;0.0 %;4.73 ms;PTT Metro de Sao Paulo - Nodo 3;;;;;
29/10/15 05:48;24.9 Mbit/s;24.41 Mbit/s;< 1 ms;< 1 ms;24.38 Mbit/s;24.39 Mbit/s;0.0 %;4.68 ms;PTT Metro de Sao Paulo - Nodo 2;;;;;
29/10/15 04:48;24.98 Mbit/s;24.42 Mbit/s;< 1 ms;< 1 ms;24.41 Mbit/s;24.36 Mbit/s;0.0 %;5.17 ms;PTT Metro de Sao Paulo - Nodo 2 - PIX ALOG Tambore;;;;;
29/10/15 03:48;24.74 Mbit/s;24.48 Mbit/s;< 1 ms;< 1 ms;24.25 Mbit/s;24.26 Mbit/s;0.0 %;4.69 ms;PTT Metro de Sao Paulo - Nodo 4;;;;;
29/10/15 02:48;24.99 Mbit/s;24.5 Mbit/s;< 1 ms;< 1 ms;24.39 Mbit/s;24.29 Mbit/s;0.0 %;4.57 ms;PTT Metro de Sao Paulo - Nodo 3;;;;;
29/10/15 01:48;24.7 Mbit/s;24.48 Mbit/s;< 1 ms;< 1 ms;24.37 Mbit/s;24.39 Mbit/s;0.0 %;4.6 ms;PTT Metro de Sao Paulo - Nodo 2;;;;;
29/10/15 00:48;24.93 Mbit/s;24.56 Mbit/s;< 1 ms;< 1 ms;24.07 Mbit/s;24.43 Mbit/s;0.0 %;4.57 ms;PTT Metro de Sao Paulo - Nodo 1;;;;;
28/10/15 23:48;24.82 Mbit/s;24.52 Mbit/s;1.55 ms;< 1 ms;24.35 Mbit/s;24.27 Mbit/s;0.0 %;4.71 ms;PTT Metro de Sao Paulo - Nodo 4;;;;;
28/10/15 22:49;24.97 Mbit/s;24.5 Mbit/s;< 1 ms;< 1 ms;24.37 Mbit/s;24.31 Mbit/s;0.0 %;6.99 ms;PTT Metro de Sao Paulo - Nodo 2 - PIX ALOG Tambore;;;;;
28/10/15 20:48;24.98 Mbit/s;24.55 Mbit/s;< 1 ms;< 1 ms;23.78 Mbit/s;24.0 Mbit/s;0.0 %;4.62 ms;PTT Metro de Sao Paulo - Nodo 1;;;;;
28/10/15 19:48;23.37 Mbit/s;24.43 Mbit/s;< 1 ms;< 1 ms;23.57 Mbit/s;24.01 Mbit/s;0.0 %;4.62 ms;PTT Metro de Sao Paulo - Nodo 4;;;;;
28/10/15 18:48;21.02 Mbit/s;24.17 Mbit/s;< 1 ms;< 1 ms;22.77 Mbit/s;23.57 Mbit/s;0.0 %;4.57 ms;PTT Metro de Sao Paulo - Nodo 3;;;;;
28/10/15 17:48;22.96 Mbit/s;24.21 Mbit/s;< 1 ms;4.27 ms;23.68 Mbit/s;23.93 Mbit/s;11.28 %;41.85 ms;PTT Metro de Sao Paulo - Nodo 2;;;;;
28/10/15 16:48;24.36 Mbit/s;23.13 Mbit/s;< 1 ms;< 1 ms;24.0 Mbit/s;23.17 Mbit/s;0.0 %;4.69 ms;PTT Metro de Sao Paulo - Nodo 1;;;;;
28/10/15 15:49;24.84 Mbit/s;24.38 Mbit/s;< 1 ms;< 1 ms;24.16 Mbit/s;24.17 Mbit/s;0.0 %;5.18 ms;PTT Metro de Sao Paulo - Nodo 3 - PIX ALOG Tambore;;;;;
28/10/15 14:48;23.3 Mbit/s;21.42 Mbit/s;< 1 ms;< 1 ms;23.44 Mbit/s;22.68 Mbit/s;0.0 %;5.27 ms;PTT Metro de Sao Paulo - PIX ALOG Tambore;;;;;
28/10/15 13:48;23.78 Mbit/s;24.39 Mbit/s;< 1 ms;< 1 ms;23.9 Mbit/s;24.31 Mbit/s;0.0 %;4.51 ms;PTT Metro de Sao Paulo - Nodo 4;;;;;
28/10/15 12:48;24.47 Mbit/s;24.29 Mbit/s;< 1 ms;< 1 ms;23.27 Mbit/s;24.34 Mbit/s;0.0 %;4.76 ms;PTT Metro de Sao Paulo - Nodo 3;;;;;
28/10/15 11:49;22.92 Mbit/s;24.34 Mbit/s;< 1 ms;< 1 ms;23.41 Mbit/s;24.35 Mbit/s;0.0 %;4.76 ms;PTT Metro de Sao Paulo - Nodo 2;;;;;
28/10/15 10:48;24.66 Mbit/s;24.22 Mbit/s;< 1 ms;1.65 ms;24.08 Mbit/s;23.67 Mbit/s;0.0 %;4.53 ms;PTT Metro de Sao Paulo - Nodo 1;;;;;
28/10/15 09:48;22.45 Mbit/s;23.58 Mbit/s;< 1 ms;< 1 ms;23.17 Mbit/s;24.0 Mbit/s;0.0 %;5.08 ms;PTT Metro de Sao Paulo - PIX ALOG Tambore;;;;;
28/10/15 08:48;24.78 Mbit/s;24.47 Mbit/s;2.19 ms;< 1 ms;23.43 Mbit/s;24.37 Mbit/s;0.0 %;4.55 ms;PTT Metro de Sao Paulo - Nodo 1;;;;;
28/10/15 07:48;24.36 Mbit/s;23.64 Mbit/s;< 1 ms;< 1 ms;23.85 Mbit/s;24.1 Mbit/s;0.0 %;4.55 ms;PTT Metro de Sao Paulo - Nodo 4;;;;;
28/10/15 06:48;23.91 Mbit/s;23.7 Mbit/s;< 1 ms;< 1 ms;23.99 Mbit/s;23.84 Mbit/s;0.0 %;9.17 ms;PTT Metro de Sao Paulo - PIX ALOG Tambore;;;;;
28/10/15 05:48;24.98 Mbit/s;24.45 Mbit/s;< 1 ms;< 1 ms;24.42 Mbit/s;24.36 Mbit/s;0.0 %;5.07 ms;PTT Metro de Sao Paulo - Nodo 3 - PIX ALOG Tambore;;;;;
28/10/15 04:48;24.97 Mbit/s;24.5 Mbit/s;< 1 ms;< 1 ms;24.41 Mbit/s;24.36 Mbit/s;0.0 %;5.13 ms;PTT Metro de Sao Paulo - Nodo 2 - PIX ALOG Tambore;;;;;
28/10/15 03:48;25.02 Mbit/s;24.53 Mbit/s;< 1 ms;< 1 ms;24.34 Mbit/s;24.39 Mbit/s;0.0 %;5.05 ms;PTT Metro de Sao Paulo - PIX ALOG Tambore;;;;;
28/10/15 02:48;24.77 Mbit/s;24.39 Mbit/s;< 1 ms;< 1 ms;24.33 Mbit/s;24.38 Mbit/s;0.0 %;4.69 ms;PTT Metro de Sao Paulo - Nodo 1;;;;;
28/10/15 01:48;24.91 Mbit/s;24.54 Mbit/s;< 1 ms;< 1 ms;24.39 Mbit/s;24.4 Mbit/s;0.0 %;5.12 ms;PTT Metro de Sao Paulo - Nodo 2 - PIX ALOG Tambore;;;;;
28/10/15 00:48;24.98 Mbit/s;24.49 Mbit/s;< 1 ms;< 1 ms;24.41 Mbit/s;24.36 Mbit/s;0.0 %;4.56 ms;PTT Metro de Sao Paulo - Nodo 2;;;;;
27/10/15 23:48;24.85 Mbit/s;24.45 Mbit/s;< 1 ms;< 1 ms;24.17 Mbit/s;24.31 Mbit/s;0.0 %;4.76 ms;PTT Metro de Sao Paulo - Nodo 1;;;;;
27/10/15 22:48;23.86 Mbit/s;23.66 Mbit/s;7.01 ms;< 1 ms;23.84 Mbit/s;23.77 Mbit/s;0.0 %;5.45 ms;PTT Metro de Sao Paulo - Nodo 4;;;;;
27/10/15 21:48;24.93 Mbit/s;24.45 Mbit/s;< 1 ms;1.94 ms;24.19 Mbit/s;23.95 Mbit/s;0.0 %;5.1 ms;PTT Metro de Sao Paulo - PIX ALOG Tambore;;;;;
27/10/15 20:48;23.47 Mbit/s;23.4 Mbit/s;< 1 ms;< 1 ms;23.71 Mbit/s;23.97 Mbit/s;0.0 %;5.15 ms;PTT Metro de Sao Paulo - Nodo 3 - PIX ALOG Tambore;;;;;
27/10/15 19:48;23.09 Mbit/s;23.45 Mbit/s;< 1 ms;< 1 ms;23.06 Mbit/s;23.66 Mbit/s;0.0 %;4.48 ms;PTT Metro de Sao Paulo - Nodo 1;;;;;
27/10/15 18:48;24.16 Mbit/s;22.65 Mbit/s;< 1 ms;< 1 ms;23.88 Mbit/s;23.54 Mbit/s;0.0 %;5.11 ms;PTT Metro de Sao Paulo - PIX ALOG Tambore;;;;;
27/10/15 17:48;23.34 Mbit/s;23.18 Mbit/s;< 1 ms;< 1 ms;23.15 Mbit/s;22.66 Mbit/s;0.0 %;4.63 ms;PTT Metro de Sao Paulo - Nodo 3;;;;;
27/10/15 16:50;2.91 Mbit/s;22.1 Mbit/s;< 1 ms;< 1 ms;2.4 Mbit/s;22.86 Mbit/s;24.04 %;9.93 ms;PTT Metro de Sao Paulo - Nodo 2;;;;;
27/10/15 15:48;24.63 Mbit/s;23.53 Mbit/s;< 1 ms;< 1 ms;24.21 Mbit/s;23.96 Mbit/s;0.0 %;6.19 ms;PTT Metro de Sao Paulo - PIX ALOG Tambore;;;;;
27/10/15 14:48;24.38 Mbit/s;24.47 Mbit/s;< 1 ms;< 1 ms;24.07 Mbit/s;24.12 Mbit/s;0.0 %;5.02 ms;PTT Metro de Sao Paulo - Nodo 3 - PIX ALOG Tambore;;;;;
27/10/15 13:48;21.55 Mbit/s;24.27 Mbit/s;< 1 ms;1.29 ms;22.48 Mbit/s;24.24 Mbit/s;0.0 %;5.93 ms;PTT Metro de Sao Paulo - Nodo 3;;;;;
27/10/15 12:48;23.41 Mbit/s;24.25 Mbit/s;< 1 ms;< 1 ms;23.61 Mbit/s;23.34 Mbit/s;0.0 %;4.64 ms;PTT Metro de Sao Paulo - Nodo 2;;;;;
27/10/15 11:48;24.69 Mbit/s;24.32 Mbit/s;< 1 ms;< 1 ms;24.17 Mbit/s;23.91 Mbit/s;0.0 %;5.12 ms;PTT Metro de Sao Paulo - PIX ALOG Tambore;;;;;
27/10/15 10:48;24.57 Mbit/s;24.28 Mbit/s;< 1 ms;< 1 ms;24.2 Mbit/s;24.23 Mbit/s;0.0 %;5.11 ms;PTT Metro de Sao Paulo - Nodo 3 - PIX ALOG Tambore;;;;;
27/10/15 09:48;24.22 Mbit/s;23.57 Mbit/s;< 1 ms;< 1 ms;23.86 Mbit/s;23.86 Mbit/s;0.0 %;6.22 ms;PTT Metro de Sao Paulo - Nodo 2 - PIX ALOG Tambore;;;;;
27/10/15 08:48;25.0 Mbit/s;24.42 Mbit/s;< 1 ms;< 1 ms;24.14 Mbit/s;24.22 Mbit/s;0.0 %;4.6 ms;PTT Metro de Sao Paulo - Nodo 2;;;;;
27/10/15 07:48;24.63 Mbit/s;23.16 Mbit/s;< 1 ms;< 1 ms;24.32 Mbit/s;23.83 Mbit/s;0.0 %;5.49 ms;PTT Metro de Sao Paulo - Nodo 1;;;;;
27/10/15 06:48;24.0 Mbit/s;24.26 Mbit/s;< 1 ms;< 1 ms;24.04 Mbit/s;23.75 Mbit/s;0.0 %;4.55 ms;PTT Metro de Sao Paulo - Nodo 4;;;;;
27/10/15 05:48;24.96 Mbit/s;24.56 Mbit/s;< 1 ms;< 1 ms;24.32 Mbit/s;24.34 Mbit/s;0.0 %;5.07 ms;PTT Metro de Sao Paulo - PIX ALOG Tambore;;;;;
27/10/15 03:48;25.06 Mbit/s;24.5 Mbit/s;< 1 ms;< 1 ms;24.35 Mbit/s;24.39 Mbit/s;0.0 %;4.55 ms;NIC.br nodo 2;;;;;
27/10/15 02:48;24.99 Mbit/s;24.49 Mbit/s;< 1 ms;< 1 ms;24.22 Mbit/s;24.34 Mbit/s;0.0 %;5.09 ms;PTT Metro de Sao Paulo - Nodo 3 - PIX ALOG Tambore;;;;;
27/10/15 01:48;24.9 Mbit/s;24.33 Mbit/s;< 1 ms;< 1 ms;24.27 Mbit/s;24.37 Mbit/s;0.0 %;4.62 ms;PTT Metro de Sao Paulo - Nodo 3;;;;;
27/10/15 00:48;25.0 Mbit/s;24.51 Mbit/s;< 1 ms;< 1 ms;24.36 Mbit/s;23.89 Mbit/s;0.0 %;4.62 ms;PTT Metro de Sao Paulo - Nodo 2;;;;;
26/10/15 23:48;23.38 Mbit/s;24.41 Mbit/s;< 1 ms;< 1 ms;23.74 Mbit/s;24.12 Mbit/s;0.0 %;4.68 ms;PTT Metro de Sao Paulo - Nodo 1;;;;;
26/10/15 22:48;23.37 Mbit/s;23.52 Mbit/s;< 1 ms;< 1 ms;23.74 Mbit/s;23.74 Mbit/s;0.0 %;4.54 ms;PTT Metro de Sao Paulo - Nodo 4;;;;;
26/10/15 21:48;23.43 Mbit/s;23.98 Mbit/s;< 1 ms;< 1 ms;23.44 Mbit/s;23.59 Mbit/s;0.0 %;6.05 ms;PTT Metro de Sao Paulo - PIX ALOG Tambore;;;;;
26/10/15 20:48;24.52 Mbit/s;23.6 Mbit/s;< 1 ms;< 1 ms;24.1 Mbit/s;24.12 Mbit/s;0.67 %;4.63 ms;PTT Metro de Sao Paulo - Nodo 2;;;;;
26/10/15 19:48;23.59 Mbit/s;24.32 Mbit/s;< 1 ms;< 1 ms;23.16 Mbit/s;23.62 Mbit/s;0.0 %;7.1 ms;PTT Metro de Sao Paulo - Nodo 2 - PIX ALOG Tambore;;;;;
26/10/15 18:48;23.89 Mbit/s;22.91 Mbit/s;< 1 ms;< 1 ms;23.79 Mbit/s;23.32 Mbit/s;0.0 %;4.6 ms;PTT Metro de Sao Paulo - Nodo 4;;;;;
26/10/15 17:48;22.58 Mbit/s;23.35 Mbit/s;< 1 ms;< 1 ms;23.16 Mbit/s;23.91 Mbit/s;0.0 %;5.04 ms;PTT Metro de Sao Paulo - Nodo 3 - PIX ALOG Tambore;;;;;
26/10/15 16:48;21.73 Mbit/s;23.2 Mbit/s;< 1 ms;< 1 ms;22.96 Mbit/s;23.94 Mbit/s;0.0 %;5.15 ms;PTT Metro de Sao Paulo - Nodo 2 - PIX ALOG Tambore;;;;;
26/10/15 15:48;22.69 Mbit/s;22.11 Mbit/s;< 1 ms;< 1 ms;23.46 Mbit/s;23.3 Mbit/s;0.0 %;4.57 ms;PTT Metro de Sao Paulo - Nodo 1;;;;;
26/10/15 14:48;23.8 Mbit/s;24.4 Mbit/s;< 1 ms;< 1 ms;23.83 Mbit/s;23.64 Mbit/s;0.0 %;4.6 ms;PTT Metro de Sao Paulo - Nodo 4;;;;;
26/10/15 13:48;23.99 Mbit/s;23.51 Mbit/s;< 1 ms;< 1 ms;23.91 Mbit/s;23.93 Mbit/s;0.0 %;4.39 ms;PTT Metro de Sao Paulo - Nodo 3;;;;;
26/10/15 12:48;23.21 Mbit/s;23.81 Mbit/s;2.49 ms;< 1 ms;22.77 Mbit/s;24.09 Mbit/s;0.0 %;6.13 ms;PTT Metro de Sao Paulo - Nodo 2 - PIX ALOG Tambore;;;;;
26/10/15 11:48;23.85 Mbit/s;23.27 Mbit/s;< 1 ms;< 1 ms;23.74 Mbit/s;23.63 Mbit/s;0.0 %;4.5 ms;PTT Metro de Sao Paulo - Nodo 1;;;;;
26/10/15 10:48;23.34 Mbit/s;23.54 Mbit/s;< 1 ms;< 1 ms;23.71 Mbit/s;23.4 Mbit/s;0.0 %;4.51 ms;PTT Metro de Sao Paulo - Nodo 4;;;;;
26/10/15 09:48;24.39 Mbit/s;23.35 Mbit/s;< 1 ms;1.5 ms;24.08 Mbit/s;23.72 Mbit/s;0.0 %;5.68 ms;PTT Metro de Sao Paulo - Nodo 3;;;;;
26/10/15 08:48;23.78 Mbit/s;24.38 Mbit/s;< 1 ms;< 1 ms;23.75 Mbit/s;23.91 Mbit/s;0.0 %;4.6 ms;PTT Metro de Sao Paulo - Nodo 2;;;;;
26/10/15 07:48;24.53 Mbit/s;24.3 Mbit/s;< 1 ms;< 1 ms;24.11 Mbit/s;23.81 Mbit/s;0.0 %;4.72 ms;PTT Metro de Sao Paulo - Nodo 1;;;;;
26/10/15 06:48;24.98 Mbit/s;22.87 Mbit/s;< 1 ms;5.21 ms;24.35 Mbit/s;23.55 Mbit/s;0.0 %;4.57 ms;PTT Metro de Sao Paulo - Nodo 4;;;;;
26/10/15 05:48;25.0 Mbit/s;24.55 Mbit/s;< 1 ms;< 1 ms;24.27 Mbit/s;24.24 Mbit/s;0.0 %;4.98 ms;PTT Metro de Sao Paulo - PIX ALOG Tambore;;;;;
26/10/15 04:48;24.93 Mbit/s;24.45 Mbit/s;< 1 ms;< 1 ms;24.31 Mbit/s;24.36 Mbit/s;0.0 %;4.56 ms;PTT Metro de Sao Paulo - Nodo 2;;;;;
26/10/15 03:48;24.99 Mbit/s;24.51 Mbit/s;< 1 ms;< 1 ms;24.02 Mbit/s;24.19 Mbit/s;0.0 %;4.66 ms;PTT Metro de Sao Paulo - Nodo 1;;;;;
26/10/15 02:48;24.94 Mbit/s;24.46 Mbit/s;< 1 ms;< 1 ms;24.33 Mbit/s;24.3 Mbit/s;0.0 %;4.54 ms;PTT Metro de Sao Paulo - Nodo 4;;;;;
26/10/15 01:48;25.01 Mbit/s;24.43 Mbit/s;< 1 ms;< 1 ms;24.22 Mbit/s;24.2 Mbit/s;0.0 %;5.09 ms;PTT Metro de Sao Paulo - Nodo 3 - PIX ALOG Tambore;;;;;
26/10/15 00:48;25.02 Mbit/s;24.44 Mbit/s;< 1 ms;< 1 ms;24.37 Mbit/s;24.25 Mbit/s;0.0 %;5.11 ms;PTT Metro de Sao Paulo - Nodo 2 - PIX ALOG Tambore;;;;;
25/10/15 23:48;25.05 Mbit/s;24.48 Mbit/s;< 1 ms;1.37 ms;24.07 Mbit/s;24.22 Mbit/s;0.0 %;4.6 ms;PTT Metro de Sao Paulo - Nodo 1;;;;;
25/10/15 22:48;24.57 Mbit/s;24.35 Mbit/s;< 1 ms;< 1 ms;23.91 Mbit/s;23.86 Mbit/s;0.0 %;4.66 ms;PTT Metro de Sao Paulo - Nodo 4;;;;;
25/10/15 21:48;23.81 Mbit/s;24.34 Mbit/s;< 1 ms;< 1 ms;23.56 Mbit/s;23.19 Mbit/s;0.0 %;4.77 ms;PTT Metro de Sao Paulo - Nodo 3;;;;;
25/10/15 20:48;23.07 Mbit/s;23.61 Mbit/s;< 1 ms;< 1 ms;23.7 Mbit/s;23.28 Mbit/s;0.0 %;4.71 ms;PTT Metro de Sao Paulo - Nodo 2;;;;;
25/10/15 19:48;23.86 Mbit/s;24.41 Mbit/s;< 1 ms;< 1 ms;23.97 Mbit/s;23.29 Mbit/s;0.0 %;4.72 ms;PTT Metro de Sao Paulo - Nodo 1;;;;;
25/10/15 18:48;24.82 Mbit/s;24.4 Mbit/s;< 1 ms;< 1 ms;23.74 Mbit/s;24.13 Mbit/s;0.67 %;4.62 ms;PTT Metro de Sao Paulo - Nodo 4;;;;;
25/10/15 17:48;23.71 Mbit/s;24.52 Mbit/s;< 1 ms;< 1 ms;23.95 Mbit/s;24.38 Mbit/s;0.0 %;5.01 ms;PTT Metro de Sao Paulo - PIX ALOG Tambore;;;;;
25/10/15 16:48;24.94 Mbit/s;24.49 Mbit/s;3.35 ms;< 1 ms;23.81 Mbit/s;24.08 Mbit/s;0.0 %;5.13 ms;PTT Metro de Sao Paulo - Nodo 3 - PIX ALOG Tambore;;;;;
25/10/15 15:48;24.75 Mbit/s;24.53 Mbit/s;< 1 ms;< 1 ms;24.27 Mbit/s;23.96 Mbit/s;0.0 %;4.64 ms;PTT Metro de Sao Paulo - Nodo 1;;;;;
25/10/15 14:48;24.54 Mbit/s;23.45 Mbit/s;< 1 ms;4.51 ms;23.98 Mbit/s;23.43 Mbit/s;0.0 %;4.54 ms;PTT Metro de Sao Paulo - Nodo 4;;;;;
25/10/15 13:48;23.47 Mbit/s;23.29 Mbit/s;< 1 ms;< 1 ms;23.5 Mbit/s;23.98 Mbit/s;0.0 %;5.14 ms;PTT Metro de Sao Paulo - Nodo 3 - PIX ALOG Tambore;;;;;
25/10/15 12:48;23.24 Mbit/s;24.22 Mbit/s;3.37 ms;< 1 ms;23.62 Mbit/s;23.86 Mbit/s;0.0 %;4.65 ms;PTT Metro de Sao Paulo - Nodo 2;;;;;
25/10/15 11:48;24.86 Mbit/s;24.52 Mbit/s;< 1 ms;< 1 ms;24.2 Mbit/s;24.19 Mbit/s;0.0 %;4.48 ms;PTT Metro de Sao Paulo - Nodo 1;;;;;
25/10/15 10:48;24.64 Mbit/s;24.37 Mbit/s;< 1 ms;< 1 ms;24.14 Mbit/s;24.23 Mbit/s;0.0 %;4.65 ms;PTT Metro de Sao Paulo - Nodo 4;;;;;
25/10/15 09:48;22.65 Mbit/s;24.47 Mbit/s;< 1 ms;< 1 ms;22.9 Mbit/s;23.7 Mbit/s;0.0 %;5.0 ms;PTT Metro de Sao Paulo - Nodo 2 - PIX ALOG Tambore;;;;;
25/10/15 08:48;22.43 Mbit/s;23.83 Mbit/s;< 1 ms;< 1 ms;23.31 Mbit/s;23.07 Mbit/s;0.0 %;4.66 ms;PTT Metro de Sao Paulo - Nodo 3;;;;;
25/10/15 07:48;25.03 Mbit/s;23.53 Mbit/s;< 1 ms;< 1 ms;24.23 Mbit/s;24.12 Mbit/s;0.0 %;4.78 ms;PTT Metro de Sao Paulo - Nodo 2;;;;;
25/10/15 06:48;25.1 Mbit/s;24.53 Mbit/s;< 1 ms;< 1 ms;24.35 Mbit/s;24.22 Mbit/s;0.0 %;5.03 ms;PTT Metro de Sao Paulo - Nodo 2 - PIX ALOG Tambore;;;;;
25/10/15 05:48;24.98 Mbit/s;24.56 Mbit/s;< 1 ms;< 1 ms;24.36 Mbit/s;24.4 Mbit/s;0.0 %;4.63 ms;PTT Metro de Sao Paulo - Nodo 4;;;;;
25/10/15 04:48;24.94 Mbit/s;24.51 Mbit/s;< 1 ms;< 1 ms;24.36 Mbit/s;24.11 Mbit/s;0.0 %;4.6 ms;PTT Metro de Sao Paulo - Nodo 3;;;;;
25/10/15 03:48;24.92 Mbit/s;24.42 Mbit/s;< 1 ms;< 1 ms;24.29 Mbit/s;24.32 Mbit/s;0.0 %;4.75 ms;PTT Metro de Sao Paulo - Nodo 2;;;;;
25/10/15 02:48;24.85 Mbit/s;24.46 Mbit/s;< 1 ms;< 1 ms;24.13 Mbit/s;24.18 Mbit/s;0.0 %;4.62 ms;PTT Metro de Sao Paulo - Nodo 1;;;;;
25/10/15 01:48;24.68 Mbit/s;23.55 Mbit/s;< 1 ms;< 1 ms;24.0 Mbit/s;23.91 Mbit/s;0.0 %;4.67 ms;PTT Metro de Sao Paulo - Nodo 4;;;;;
25/10/15 00:48;24.27 Mbit/s;23.04 Mbit/s;< 1 ms;< 1 ms;24.03 Mbit/s;23.89 Mbit/s;0.0 %;4.61 ms;PTT Metro de Sao Paulo - Nodo 3;;;;;
24/10/15 23:48;23.94 Mbit/s;24.53 Mbit/s;< 1 ms;< 1 ms;24.03 Mbit/s;23.95 Mbit/s;0.0 %;5.08 ms;PTT Metro de Sao Paulo - PIX ALOG Tambore;;;;;
24/10/15 22:48;24.97 Mbit/s;23.49 Mbit/s;< 1 ms;< 1 ms;24.14 Mbit/s;23.65 Mbit/s;0.0 %;4.71 ms;PTT Metro de Sao Paulo - Nodo 1;;;;;
24/10/15 21:49;24.95 Mbit/s;24.1 Mbit/s;< 1 ms;< 1 ms;23.31 Mbit/s;24.0 Mbit/s;0.0 %;4.46 ms;PTT Metro de Sao Paulo - Nodo 4;;;;;
24/10/15 20:48;24.78 Mbit/s;24.49 Mbit/s;< 1 ms;1.43 ms;23.81 Mbit/s;24.28 Mbit/s;0.0 %;5.15 ms;PTT Metro de Sao Paulo - Nodo 3;;;;;
24/10/15 18:48;24.79 Mbit/s;24.42 Mbit/s;< 1 ms;1.2 ms;24.3 Mbit/s;24.02 Mbit/s;0.0 %;6.6 ms;PTT Metro de Sao Paulo - Nodo 2;;;;;
24/10/15 17:48;21.79 Mbit/s;22.7 Mbit/s;< 1 ms;4.97 ms;22.84 Mbit/s;22.96 Mbit/s;0.0 %;5.23 ms;PTT Metro de Sao Paulo - Nodo 2 - PIX ALOG Tambore;;;;;
24/10/15 16:48;22.63 Mbit/s;21.73 Mbit/s;< 1 ms;< 1 ms;23.49 Mbit/s;23.06 Mbit/s;0.0 %;4.6 ms;PTT Metro de Sao Paulo - Nodo 4;;;;;
24/10/15 15:48;24.34 Mbit/s;24.28 Mbit/s;< 1 ms;4.1 ms;24.01 Mbit/s;23.8 Mbit/s;0.0 %;4.77 ms;PTT Metro de Sao Paulo - Nodo 1;;;;;
24/10/15 14:48;24.96 Mbit/s;24.46 Mbit/s;< 1 ms;4.05 ms;24.11 Mbit/s;24.21 Mbit/s;0.0 %;5.39 ms;PTT Metro de Sao Paulo - Nodo 4;;;;;
24/10/15 13:48;21.41 Mbit/s;22.19 Mbit/s;1.01 ms;2.44 ms;22.93 Mbit/s;23.49 Mbit/s;0.0 %;4.55 ms;PTT Metro de Sao Paulo - Nodo 2;;;;;
24/10/15 12:48;24.72 Mbit/s;23.49 Mbit/s;< 1 ms;< 1 ms;24.23 Mbit/s;23.67 Mbit/s;0.0 %;6.87 ms;PTT Metro de Sao Paulo - Nodo 3;;;;;
24/10/15 11:48;24.78 Mbit/s;24.36 Mbit/s;< 1 ms;< 1 ms;24.28 Mbit/s;24.11 Mbit/s;0.67 %;4.58 ms;PTT Metro de Sao Paulo - Nodo 1;;;;;
24/10/15 10:48;21.77 Mbit/s;24.47 Mbit/s;< 1 ms;< 1 ms;22.79 Mbit/s;24.29 Mbit/s;0.0 %;5.06 ms;PTT Metro de Sao Paulo - Nodo 3 - PIX ALOG Tambore;;;;;
24/10/15 09:48;24.9 Mbit/s;24.57 Mbit/s;< 1 ms;< 1 ms;24.31 Mbit/s;24.35 Mbit/s;0.0 %;4.52 ms;PTT Metro de Sao Paulo - Nodo 2;;;;;
24/10/15 08:48;24.08 Mbit/s;24.57 Mbit/s;< 1 ms;< 1 ms;23.84 Mbit/s;23.78 Mbit/s;0.0 %;5.06 ms;PTT Metro de Sao Paulo - PIX ALOG Tambore;;;;;
24/10/15 07:48;25.04 Mbit/s;24.5 Mbit/s;< 1 ms;< 1 ms;23.88 Mbit/s;24.04 Mbit/s;0.0 %;4.6 ms;PTT Metro de Sao Paulo - Nodo 1;;;;;
24/10/15 06:48;24.97 Mbit/s;24.5 Mbit/s;< 1 ms;< 1 ms;24.33 Mbit/s;24.4 Mbit/s;0.0 %;4.65 ms;PTT Metro de Sao Paulo - Nodo 4;;;;;
24/10/15 05:48;25.01 Mbit/s;24.48 Mbit/s;< 1 ms;< 1 ms;24.36 Mbit/s;24.37 Mbit/s;0.0 %;4.66 ms;PTT Metro de Sao Paulo - Nodo 2;;;;;
24/10/15 04:48;24.85 Mbit/s;24.53 Mbit/s;< 1 ms;< 1 ms;24.32 Mbit/s;24.2 Mbit/s;0.0 %;4.69 ms;PTT Metro de Sao Paulo - Nodo 3;;;;;
24/10/15 03:48;21.51 Mbit/s;24.21 Mbit/s;< 1 ms;< 1 ms;22.61 Mbit/s;24.09 Mbit/s;0.0 %;5.17 ms;PTT Metro de Sao Paulo - Nodo 2 - PIX ALOG Tambore;;;;;
24/10/15 02:48;25.0 Mbit/s;24.52 Mbit/s;< 1 ms;< 1 ms;24.3 Mbit/s;24.22 Mbit/s;0.0 %;5.09 ms;PTT Metro de Sao Paulo - PIX ALOG Tambore;;;;;
24/10/15 01:48;24.95 Mbit/s;24.44 Mbit/s;< 1 ms;< 1 ms;24.26 Mbit/s;24.31 Mbit/s;0.0 %;5.54 ms;PTT Metro de Sao Paulo - Nodo 2;;;;;
23/10/15 23:48;24.68 Mbit/s;24.33 Mbit/s;< 1 ms;< 1 ms;24.06 Mbit/s;23.74 Mbit/s;0.0 %;5.55 ms;PTT Metro de Sao Paulo - Nodo 1;;;;;
23/10/15 22:48;24.67 Mbit/s;23.41 Mbit/s;< 1 ms;< 1 ms;23.8 Mbit/s;23.87 Mbit/s;0.0 %;4.61 ms;PTT Metro de Sao Paulo - Nodo 4;;;;;
23/10/15 21:48;22.45 Mbit/s;24.39 Mbit/s;< 1 ms;< 1 ms;23.41 Mbit/s;24.12 Mbit/s;0.0 %;5.17 ms;PTT Metro de Sao Paulo - Nodo 2 - PIX ALOG Tambore;;;;;
23/10/15 20:48;23.83 Mbit/s;24.41 Mbit/s;< 1 ms;< 1 ms;23.86 Mbit/s;23.88 Mbit/s;0.0 %;4.99 ms;PTT Metro de Sao Paulo - PIX ALOG Tambore;;;;;
23/10/15 19:48;23.94 Mbit/s;24.36 Mbit/s;< 1 ms;1.04 ms;23.72 Mbit/s;23.36 Mbit/s;0.0 %;4.61 ms;PTT Metro de Sao Paulo - Nodo 1;;;;;
23/10/15 18:48;23.36 Mbit/s;22.59 Mbit/s;2.56 ms;< 1 ms;23.81 Mbit/s;22.72 Mbit/s;0.0 %;4.68 ms;PTT Metro de Sao Paulo - Nodo 3;;;;;
23/10/15 17:48;23.12 Mbit/s;24.44 Mbit/s;< 1 ms;< 1 ms;23.66 Mbit/s;24.18 Mbit/s;0.0 %;5.54 ms;PTT Metro de Sao Paulo - Nodo 4;;;;;
23/10/15 16:48;19.22 Mbit/s;23.52 Mbit/s;3.22 ms;4.96 ms;20.61 Mbit/s;23.29 Mbit/s;0.0 %;6.05 ms;PTT Metro de Sao Paulo - Nodo 3;;;;;
23/10/15 15:48;22.78 Mbit/s;24.42 Mbit/s;< 1 ms;4.97 ms;23.5 Mbit/s;23.99 Mbit/s;0.67 %;5.71 ms;PTT Metro de Sao Paulo - Nodo 2;;;;;
23/10/15 14:48;23.6 Mbit/s;23.6 Mbit/s;< 1 ms;1.12 ms;23.68 Mbit/s;23.76 Mbit/s;0.0 %;4.67 ms;PTT Metro de Sao Paulo - Nodo 1;;;;;
23/10/15 13:48;21.37 Mbit/s;24.48 Mbit/s;< 1 ms;5.07 ms;22.83 Mbit/s;22.67 Mbit/s;0.0 %;5.18 ms;PTT Metro de Sao Paulo - Nodo 2 - PIX ALOG Tambore;;;;;
23/10/15 12:48;19.77 Mbit/s;21.1 Mbit/s;< 1 ms;1.59 ms;21.1 Mbit/s;22.21 Mbit/s;0.0 %;15.08 ms;PTT Metro do Rio de Janeiro - Nodo 1;;;;;
23/10/15 11:48;24.89 Mbit/s;24.46 Mbit/s;< 1 ms;5.88 ms;24.14 Mbit/s;24.36 Mbit/s;0.0 %;5.22 ms;PTT Metro de Sao Paulo - Nodo 3 - PIX ALOG Tambore;;;;;
23/10/15 10:48;24.09 Mbit/s;24.35 Mbit/s;< 1 ms;< 1 ms;24.09 Mbit/s;24.26 Mbit/s;0.0 %;4.6 ms;PTT Metro de Sao Paulo - Nodo 1;;;;;
23/10/15 09:48;25.0 Mbit/s;23.87 Mbit/s;< 1 ms;< 1 ms;24.34 Mbit/s;24.2 Mbit/s;0.0 %;4.49 ms;PTT Metro de Sao Paulo - Nodo 4;;;;;
23/10/15 08:48;24.75 Mbit/s;24.35 Mbit/s;< 1 ms;< 1 ms;23.81 Mbit/s;24.31 Mbit/s;0.0 %;4.63 ms;PTT Metro de Sao Paulo - Nodo 3;;;;;
23/10/15 07:48;23.64 Mbit/s;24.44 Mbit/s;< 1 ms;< 1 ms;23.81 Mbit/s;24.35 Mbit/s;0.0 %;4.58 ms;PTT Metro de Sao Paulo - Nodo 2;;;;;
23/10/15 06:48;25.03 Mbit/s;24.41 Mbit/s;< 1 ms;< 1 ms;24.4 Mbit/s;24.39 Mbit/s;0.0 %;4.62 ms;PTT Metro de Sao Paulo - Nodo 1;;;;;
23/10/15 05:48;23.74 Mbit/s;24.41 Mbit/s;< 1 ms;< 1 ms;23.99 Mbit/s;24.03 Mbit/s;0.0 %;4.5 ms;PTT Metro de Sao Paulo - Nodo 4;;;;;
23/10/15 04:48;24.03 Mbit/s;24.52 Mbit/s;< 1 ms;< 1 ms;24.01 Mbit/s;24.38 Mbit/s;0.0 %;4.7 ms;PTT Metro de Sao Paulo - Nodo 3;;;;;
23/10/15 03:48;24.88 Mbit/s;24.54 Mbit/s;< 1 ms;< 1 ms;24.32 Mbit/s;24.19 Mbit/s;0.0 %;5.06 ms;PTT Metro de Sao Paulo - PIX ALOG Tambore;;;;;
23/10/15 02:48;25.04 Mbit/s;24.45 Mbit/s;< 1 ms;< 1 ms;24.27 Mbit/s;24.39 Mbit/s;0.0 %;4.64 ms;PTT Metro de Sao Paulo - Nodo 1;;;;;
23/10/15 01:49;25.01 Mbit/s;24.03 Mbit/s;< 1 ms;< 1 ms;24.08 Mbit/s;24.29 Mbit/s;0.0 %;4.62 ms;PTT Metro de Sao Paulo - Nodo 4;;;;;
23/10/15 00:49;24.97 Mbit/s;24.35 Mbit/s;< 1 ms;< 1 ms;23.91 Mbit/s;24.3 Mbit/s;0.0 %;5.05 ms;PTT Metro de Sao Paulo - Nodo 3 - PIX ALOG Tambore;;;;;
22/10/15 23:48;25.01 Mbit/s;24.43 Mbit/s;< 1 ms;< 1 ms;24.39 Mbit/s;24.36 Mbit/s;0.0 %;4.71 ms;PTT Metro de Sao Paulo - Nodo 2;;;;;
22/10/15 22:48;25.0 Mbit/s;23.5 Mbit/s;< 1 ms;< 1 ms;24.26 Mbit/s;23.73 Mbit/s;0.0 %;5.06 ms;PTT Metro de Sao Paulo - Nodo 2 - PIX ALOG Tambore;;;;;
22/10/15 21:48;24.86 Mbit/s;23.61 Mbit/s;< 1 ms;< 1 ms;23.6 Mbit/s;23.99 Mbit/s;0.0 %;5.14 ms;PTT Metro de Sao Paulo - PIX ALOG Tambore;;;;;
22/10/15 20:48;24.88 Mbit/s;23.59 Mbit/s;< 1 ms;< 1 ms;24.27 Mbit/s;23.59 Mbit/s;0.0 %;4.98 ms;PTT Metro de Sao Paulo - Nodo 3 - PIX ALOG Tambore;;;;;
22/10/15 19:48;22.53 Mbit/s;23.32 Mbit/s;< 1 ms;< 1 ms;23.18 Mbit/s;23.62 Mbit/s;0.0 %;5.07 ms;PTT Metro de Sao Paulo - Nodo 2 - PIX ALOG Tambore;;;;;
22/10/15 18:48;23.82 Mbit/s;23.45 Mbit/s;< 1 ms;< 1 ms;22.82 Mbit/s;24.06 Mbit/s;0.0 %;6.64 ms;PTT Metro de Sao Paulo - Nodo 3;;;;;
22/10/15 16:48;22.69 Mbit/s;24.1 Mbit/s;< 1 ms;2.6 ms;23.07 Mbit/s;24.18 Mbit/s;0.0 %;4.63 ms;PTT Metro de Sao Paulo - Nodo 4;;;;;
22/10/15 15:48;24.21 Mbit/s;23.02 Mbit/s;< 1 ms;< 1 ms;23.63 Mbit/s;23.7 Mbit/s;0.0 %;4.73 ms;PTT Metro de Sao Paulo - Nodo 1;;;;;
22/10/15 14:48;24.11 Mbit/s;22.73 Mbit/s;< 1 ms;< 1 ms;24.02 Mbit/s;23.25 Mbit/s;0.0 %;4.64 ms;PTT Metro de Sao Paulo - Nodo 2;;;;;
22/10/15 13:48;24.69 Mbit/s;23.62 Mbit/s;< 1 ms;< 1 ms;23.8 Mbit/s;24.09 Mbit/s;0.0 %;4.49 ms;PTT Metro de Sao Paulo - Nodo 3;;;;;
22/10/15 12:48;23.61 Mbit/s;24.22 Mbit/s;< 1 ms;< 1 ms;23.94 Mbit/s;24.34 Mbit/s;0.0 %;4.63 ms;PTT Metro de Sao Paulo - Nodo 4;;;;;
22/10/15 11:48;24.5 Mbit/s;24.49 Mbit/s;< 1 ms;< 1 ms;24.08 Mbit/s;23.29 Mbit/s;0.0 %;4.6 ms;PTT Metro de Sao Paulo - Nodo 1;;;;;
22/10/15 10:48;23.91 Mbit/s;24.48 Mbit/s;< 1 ms;< 1 ms;24.03 Mbit/s;24.35 Mbit/s;0.0 %;4.85 ms;PTT Metro de Sao Paulo - Nodo 2;;;;;
22/10/15 09:48;24.92 Mbit/s;23.96 Mbit/s;< 1 ms;< 1 ms;24.38 Mbit/s;24.28 Mbit/s;0.0 %;4.63 ms;PTT Metro de Sao Paulo - Nodo 3;;;;;
22/10/15 08:48;24.97 Mbit/s;23.56 Mbit/s;< 1 ms;< 1 ms;24.07 Mbit/s;24.01 Mbit/s;0.0 %;5.11 ms;PTT Metro de Sao Paulo - PIX ALOG Tambore;;;;;
22/10/15 07:48;22.75 Mbit/s;24.34 Mbit/s;< 1 ms;< 1 ms;23.51 Mbit/s;22.9 Mbit/s;0.0 %;4.7 ms;PTT Metro de Sao Paulo - Nodo 1;;;;;
22/10/15 06:48;-;24.5 Mbit/s;< 1 ms;< 1 ms;67.2 kbit/s;23.29 Mbit/s;0.0 %;4.64 ms;PTT Metro de Sao Paulo - Nodo 2;;;;;
22/10/15 05:48;24.98 Mbit/s;24.45 Mbit/s;< 1 ms;< 1 ms;24.28 Mbit/s;24.28 Mbit/s;0.0 %;4.55 ms;PTT Metro de Sao Paulo - Nodo 3;;;;;
22/10/15 04:48;24.98 Mbit/s;24.45 Mbit/s;< 1 ms;< 1 ms;24.35 Mbit/s;24.18 Mbit/s;0.0 %;4.47 ms;PTT Metro de Sao Paulo - Nodo 4;;;;;
22/10/15 03:48;25.05 Mbit/s;24.45 Mbit/s;< 1 ms;< 1 ms;24.38 Mbit/s;24.39 Mbit/s;0.0 %;4.63 ms;PTT Metro de Sao Paulo - Nodo 1;;;;;
22/10/15 02:48;25.02 Mbit/s;24.44 Mbit/s;< 1 ms;< 1 ms;24.15 Mbit/s;24.32 Mbit/s;0.0 %;4.61 ms;PTT Metro de Sao Paulo - Nodo 2;;;;;
22/10/15 01:48;24.51 Mbit/s;24.38 Mbit/s;< 1 ms;< 1 ms;24.23 Mbit/s;24.19 Mbit/s;0.0 %;4.48 ms;PTT Metro de Sao Paulo - Nodo 3;;;;;
22/10/15 00:48;25.01 Mbit/s;24.43 Mbit/s;< 1 ms;< 1 ms;24.17 Mbit/s;24.22 Mbit/s;0.0 %;4.65 ms;PTT Metro de Sao Paulo - Nodo 2;;;;;
21/10/15 23:48;25.12 Mbit/s;23.93 Mbit/s;< 1 ms;< 1 ms;24.33 Mbit/s;20.65 Mbit/s;0.0 %;4.4 ms;PTT Metro de Sao Paulo - Nodo 1;;;;;
21/10/15 22:48;24.94 Mbit/s;23.52 Mbit/s;< 1 ms;< 1 ms;23.92 Mbit/s;24.04 Mbit/s;0.0 %;4.67 ms;PTT Metro de Sao Paulo - Nodo 4;;;;;
21/10/15 21:48;24.6 Mbit/s;24.21 Mbit/s;< 1 ms;3.72 ms;23.82 Mbit/s;23.67 Mbit/s;0.0 %;5.07 ms;PTT Metro de Sao Paulo - Nodo 2 - PIX ALOG Tambore;;;;;
21/10/15 20:48;22.26 Mbit/s;24.33 Mbit/s;1.05 ms;< 1 ms;23.18 Mbit/s;24.12 Mbit/s;0.0 %;5.13 ms;PTT Metro de Sao Paulo - PIX ALOG Tambore;;;;;
21/10/15 19:48;19.6 Mbit/s;23.52 Mbit/s;< 1 ms;< 1 ms;21.14 Mbit/s;23.77 Mbit/s;0.0 %;5.56 ms;PTT Metro de Sao Paulo - Nodo 4;;;;;
21/10/15 18:48;22.56 Mbit/s;23.19 Mbit/s;< 1 ms;< 1 ms;23.34 Mbit/s;23.46 Mbit/s;0.0 %;4.6 ms;PTT Metro de Sao Paulo - Nodo 3;;;;;
21/10/15 17:48;23.56 Mbit/s;23.99 Mbit/s;< 1 ms;< 1 ms;23.86 Mbit/s;24.26 Mbit/s;0.0 %;5.14 ms;PTT Metro de Sao Paulo - PIX ALOG Tambore;;;;;
21/10/15 16:48;23.59 Mbit/s;23.49 Mbit/s;< 1 ms;2.45 ms;23.53 Mbit/s;23.96 Mbit/s;0.0 %;5.05 ms;PTT Metro de Sao Paulo - Nodo 3 - PIX ALOG Tambore;;;;;
21/10/15 15:48;23.99 Mbit/s;23.51 Mbit/s;4.64 ms;1.04 ms;23.99 Mbit/s;22.87 Mbit/s;0.0 %;5.14 ms;PTT Metro de Sao Paulo - Nodo 2 - PIX ALOG Tambore;;;;;
21/10/15 14:48;23.87 Mbit/s;23.37 Mbit/s;< 1 ms;< 1 ms;24.0 Mbit/s;23.95 Mbit/s;0.0 %;4.54 ms;NIC.br nodo 2;;;;;
21/10/15 13:48;24.9 Mbit/s;23.84 Mbit/s;< 1 ms;1.23 ms;23.91 Mbit/s;24.13 Mbit/s;0.0 %;6.98 ms;PTT Metro de Sao Paulo - PIX ALOG Tambore;;;;;
21/10/15 12:48;22.06 Mbit/s;24.24 Mbit/s;6.63 ms;< 1 ms;22.69 Mbit/s;24.05 Mbit/s;0.0 %;6.28 ms;PTT Metro de Sao Paulo - Nodo 3 - PIX ALOG Tambore;;;;;
21/10/15 11:48;22.84 Mbit/s;24.43 Mbit/s;< 1 ms;1.07 ms;23.61 Mbit/s;24.37 Mbit/s;0.0 %;5.25 ms;PTT Metro de Sao Paulo - Nodo 2 - PIX ALOG Tambore;;;;;
21/10/15 10:48;24.35 Mbit/s;23.75 Mbit/s;< 1 ms;1.61 ms;23.71 Mbit/s;23.64 Mbit/s;0.0 %;4.73 ms;PTT Metro de Sao Paulo - Nodo 4;;;;;
21/10/15 09:48;23.23 Mbit/s;23.46 Mbit/s;< 1 ms;< 1 ms;22.99 Mbit/s;23.76 Mbit/s;0.0 %;4.66 ms;PTT Metro de Sao Paulo - Nodo 3;;;;;
21/10/15 08:48;21.44 Mbit/s;24.39 Mbit/s;< 1 ms;< 1 ms;22.77 Mbit/s;24.34 Mbit/s;0.0 %;4.63 ms;PTT Metro de Sao Paulo - Nodo 2;;;;;
21/10/15 07:48;25.04 Mbit/s;23.64 Mbit/s;6.48 ms;< 1 ms;24.15 Mbit/s;23.83 Mbit/s;0.0 %;5.97 ms;PTT Metro de Sao Paulo - Nodo 3 - PIX ALOG Tambore;;;;;
21/10/15 06:48;24.89 Mbit/s;23.56 Mbit/s;< 1 ms;< 1 ms;24.02 Mbit/s;23.85 Mbit/s;0.0 %;4.47 ms;PTT Metro de Sao Paulo - Nodo 4;;;;;
21/10/15 05:48;24.74 Mbit/s;24.18 Mbit/s;< 1 ms;< 1 ms;24.27 Mbit/s;24.06 Mbit/s;0.0 %;4.52 ms;PTT Metro de Sao Paulo - Nodo 3;;;;;
21/10/15 04:48;25.0 Mbit/s;24.41 Mbit/s;< 1 ms;< 1 ms;24.4 Mbit/s;24.27 Mbit/s;0.0 %;4.72 ms;PTT Metro de Sao Paulo - Nodo 2;;;;;
21/10/15 03:48;24.78 Mbit/s;24.23 Mbit/s;< 1 ms;< 1 ms;24.15 Mbit/s;24.22 Mbit/s;0.0 %;4.72 ms;PTT Metro de Sao Paulo - Nodo 1;;;;;
21/10/15 02:48;24.57 Mbit/s;23.75 Mbit/s;< 1 ms;< 1 ms;24.14 Mbit/s;24.08 Mbit/s;0.0 %;5.04 ms;PTT Metro de Sao Paulo - Nodo 2 - PIX ALOG Tambore;;;;;
21/10/15 01:48;24.69 Mbit/s;24.53 Mbit/s;< 1 ms;< 1 ms;24.31 Mbit/s;24.37 Mbit/s;0.0 %;4.6 ms;PTT Metro de Sao Paulo - Nodo 3;;;;;
21/10/15 00:48;24.26 Mbit/s;24.16 Mbit/s;< 1 ms;< 1 ms;24.21 Mbit/s;24.0 Mbit/s;0.0 %;4.5 ms;PTT Metro de Sao Paulo - Nodo 2;;;;;
20/10/15 23:48;25.02 Mbit/s;24.43 Mbit/s;< 1 ms;< 1 ms;24.36 Mbit/s;24.14 Mbit/s;0.0 %;4.61 ms;PTT Metro de Sao Paulo - Nodo 1;;;;;
20/10/15 22:48;24.53 Mbit/s;23.56 Mbit/s;< 1 ms;1.19 ms;22.26 Mbit/s;24.04 Mbit/s;0.0 %;5.67 ms;PTT Metro de Sao Paulo - Nodo 4;;;;;
20/10/15 21:48;23.14 Mbit/s;23.99 Mbit/s;2.64 ms;1.3 ms;23.01 Mbit/s;23.77 Mbit/s;0.0 %;5.1 ms;PTT Metro de Sao Paulo - PIX ALOG Tambore;;;;;
20/10/15 20:48;22.44 Mbit/s;23.9 Mbit/s;< 1 ms;< 1 ms;23.17 Mbit/s;23.96 Mbit/s;0.0 %;6.11 ms;PTT Metro de Sao Paulo - Nodo 2 - PIX ALOG Tambore;;;;;
20/10/15 19:48;21.29 Mbit/s;24.24 Mbit/s;< 1 ms;4.05 ms;22.43 Mbit/s;24.09 Mbit/s;0.0 %;6.1 ms;PTT Metro de Sao Paulo - Nodo 3 - PIX ALOG Tambore;;;;;
20/10/15 18:48;24.73 Mbit/s;24.42 Mbit/s;< 1 ms;< 1 ms;24.28 Mbit/s;24.36 Mbit/s;0.0 %;4.98 ms;PTT Metro de Sao Paulo - PIX ALOG Tambore;;;;;
20/10/15 17:48;24.0 Mbit/s;23.01 Mbit/s;< 1 ms;< 1 ms;23.53 Mbit/s;22.69 Mbit/s;0.0 %;5.95 ms;PTT Metro de Sao Paulo - Nodo 2 - PIX ALOG Tambore;;;;;
20/10/15 16:48;24.56 Mbit/s;22.82 Mbit/s;< 1 ms;< 1 ms;23.73 Mbit/s;23.57 Mbit/s;0.67 %;4.58 ms;PTT Metro de Sao Paulo - Nodo 3;;;;;
20/10/15 14:48;23.94 Mbit/s;24.45 Mbit/s;< 1 ms;1.25 ms;23.74 Mbit/s;24.35 Mbit/s;0.0 %;5.13 ms;PTT Metro de Sao Paulo - PIX ALOG Tambore;;;;;
20/10/15 13:48;20.75 Mbit/s;22.79 Mbit/s;< 1 ms;< 1 ms;22.38 Mbit/s;23.71 Mbit/s;0.0 %;5.13 ms;PTT Metro de Sao Paulo - Nodo 2 - PIX ALOG Tambore;;;;;
20/10/15 12:48;21.0 Mbit/s;23.67 Mbit/s;< 1 ms;< 1 ms;21.83 Mbit/s;23.25 Mbit/s;0.0 %;7.45 ms;PTT Metro de Sao Paulo - Nodo 4;;;;;
20/10/15 11:48;23.63 Mbit/s;24.28 Mbit/s;< 1 ms;< 1 ms;23.95 Mbit/s;24.32 Mbit/s;0.0 %;4.68 ms;PTT Metro de Sao Paulo - Nodo 3;;;;;
20/10/15 10:48;23.64 Mbit/s;23.54 Mbit/s;< 1 ms;1.22 ms;23.86 Mbit/s;24.08 Mbit/s;0.0 %;5.0 ms;PTT Metro de Sao Paulo - Nodo 2;;;;;
20/10/15 09:48;23.58 Mbit/s;22.29 Mbit/s;2.43 ms;< 1 ms;23.85 Mbit/s;23.26 Mbit/s;0.0 %;5.24 ms;PTT Metro de Sao Paulo - PIX ALOG Tambore;;;;;
20/10/15 08:49;24.72 Mbit/s;23.72 Mbit/s;< 1 ms;< 1 ms;24.11 Mbit/s;23.94 Mbit/s;0.0 %;4.65 ms;NIC.br nodo 2;;;;;
20/10/15 06:48;23.21 Mbit/s;24.5 Mbit/s;< 1 ms;< 1 ms;23.11 Mbit/s;24.03 Mbit/s;0.0 %;4.68 ms;PTT Metro de Sao Paulo - Nodo 4;;;;;
20/10/15 05:48;24.01 Mbit/s;23.88 Mbit/s;< 1 ms;< 1 ms;24.1 Mbit/s;24.23 Mbit/s;0.0 %;4.55 ms;PTT Metro de Sao Paulo - Nodo 3;;;;;
20/10/15 04:48;25.01 Mbit/s;24.5 Mbit/s;< 1 ms;< 1 ms;24.34 Mbit/s;24.38 Mbit/s;0.0 %;4.99 ms;PTT Metro de Sao Paulo - Nodo 3 - PIX ALOG Tambore;;;;;
20/10/15 03:48;24.37 Mbit/s;24.24 Mbit/s;< 1 ms;< 1 ms;23.76 Mbit/s;24.35 Mbit/s;0.0 %;5.23 ms;PTT Metro de Sao Paulo - Nodo 2 - PIX ALOG Tambore;;;;;
20/10/15 02:48;25.02 Mbit/s;24.45 Mbit/s;< 1 ms;< 1 ms;24.37 Mbit/s;24.38 Mbit/s;0.0 %;4.56 ms;PTT Metro de Sao Paulo - Nodo 4;;;;;
20/10/15 01:48;24.98 Mbit/s;24.46 Mbit/s;< 1 ms;< 1 ms;24.35 Mbit/s;23.36 Mbit/s;0.0 %;4.65 ms;PTT Metro de Sao Paulo - Nodo 3;;;;;
20/10/15 00:48;24.53 Mbit/s;24.53 Mbit/s;< 1 ms;< 1 ms;24.1 Mbit/s;24.37 Mbit/s;0.0 %;4.57 ms;PTT Metro de Sao Paulo - Nodo 2;;;;;
19/10/15 23:48;25.0 Mbit/s;24.58 Mbit/s;< 1 ms;< 1 ms;24.24 Mbit/s;24.23 Mbit/s;0.0 %;5.02 ms;PTT Metro de Sao Paulo - PIX ALOG Tambore;;;;;
19/10/15 22:48;19.12 Mbit/s;24.34 Mbit/s;< 1 ms;< 1 ms;20.34 Mbit/s;24.04 Mbit/s;0.0 %;6.01 ms;PTT Metro de Sao Paulo - Nodo 4;;;;;
19/10/15 21:48;23.63 Mbit/s;24.22 Mbit/s;< 1 ms;< 1 ms;23.6 Mbit/s;23.91 Mbit/s;0.0 %;5.2 ms;PTT Metro de Sao Paulo - Nodo 2 - PIX ALOG Tambore;;;;;
19/10/15 20:48;22.73 Mbit/s;23.44 Mbit/s;< 1 ms;< 1 ms;23.5 Mbit/s;23.97 Mbit/s;0.0 %;7.23 ms;NIC.br nodo 2;;;;;
19/10/15 19:48;24.71 Mbit/s;24.45 Mbit/s;< 1 ms;< 1 ms;23.97 Mbit/s;24.2 Mbit/s;0.0 %;4.6 ms;PTT Metro de Sao Paulo - Nodo 1;;;;;
19/10/15 18:48;22.2 Mbit/s;23.36 Mbit/s;< 1 ms;2.91 ms;23.32 Mbit/s;23.67 Mbit/s;0.0 %;4.63 ms;NIC.br nodo 2;;;;;
19/10/15 17:48;22.06 Mbit/s;24.14 Mbit/s;< 1 ms;2.94 ms;23.08 Mbit/s;21.72 Mbit/s;0.0 %;4.57 ms;PTT Metro de Sao Paulo - Nodo 4;;;;;
19/10/15 16:48;22.01 Mbit/s;24.22 Mbit/s;< 1 ms;< 1 ms;22.92 Mbit/s;23.63 Mbit/s;0.0 %;5.08 ms;PTT Metro de Sao Paulo - Nodo 2 - PIX ALOG Tambore;;;;;
19/10/15 15:48;23.91 Mbit/s;23.55 Mbit/s;< 1 ms;5.81 ms;23.99 Mbit/s;23.69 Mbit/s;0.0 %;5.15 ms;PTT Metro de Sao Paulo - PIX ALOG Tambore;;;;;
19/10/15 14:48;24.61 Mbit/s;24.35 Mbit/s;< 1 ms;1.05 ms;23.97 Mbit/s;23.78 Mbit/s;0.0 %;5.07 ms;PTT Metro de Sao Paulo - Nodo 3 - PIX ALOG Tambore;;;;;
19/10/15 13:48;21.68 Mbit/s;22.77 Mbit/s;< 1 ms;< 1 ms;22.86 Mbit/s;23.55 Mbit/s;0.0 %;4.7 ms;PTT Metro de Sao Paulo - Nodo 4;;;;;
19/10/15 12:48;21.61 Mbit/s;24.26 Mbit/s;< 1 ms;< 1 ms;22.73 Mbit/s;23.84 Mbit/s;0.0 %;5.52 ms;PTT Metro de Sao Paulo - Nodo 3;;;;;
19/10/15 11:48;24.09 Mbit/s;24.0 Mbit/s;< 1 ms;< 1 ms;24.13 Mbit/s;24.07 Mbit/s;0.0 %;4.6 ms;PTT Metro de Sao Paulo - Nodo 2;;;;;
19/10/15 10:48;24.63 Mbit/s;20.88 Mbit/s;< 1 ms;6.12 ms;23.91 Mbit/s;22.27 Mbit/s;0.0 %;4.61 ms;PTT Metro de Sao Paulo - Nodo 1;;;;;
19/10/15 09:48;24.24 Mbit/s;23.64 Mbit/s;< 1 ms;< 1 ms;24.18 Mbit/s;24.15 Mbit/s;0.0 %;5.57 ms;PTT Metro de Sao Paulo - Nodo 4;;;;;
19/10/15 08:48;21.89 Mbit/s;24.58 Mbit/s;< 1 ms;2.0 ms;22.99 Mbit/s;24.11 Mbit/s;0.0 %;5.71 ms;PTT Metro de Sao Paulo - Nodo 3;;;;;
19/10/15 07:48;24.0 Mbit/s;24.4 Mbit/s;< 1 ms;< 1 ms;24.01 Mbit/s;23.84 Mbit/s;0.0 %;5.09 ms;PTT Metro de Sao Paulo - PIX ALOG Tambore;;;;;
19/10/15 06:48;24.05 Mbit/s;24.43 Mbit/s;< 1 ms;< 1 ms;23.89 Mbit/s;23.87 Mbit/s;0.0 %;4.73 ms;PTT Metro de Sao Paulo - Nodo 1;;;;;
19/10/15 05:48;23.76 Mbit/s;24.45 Mbit/s;< 1 ms;< 1 ms;23.9 Mbit/s;24.41 Mbit/s;0.0 %;4.7 ms;PTT Metro de Sao Paulo - Nodo 4;;;;;
19/10/15 04:48;24.16 Mbit/s;24.5 Mbit/s;< 1 ms;< 1 ms;24.11 Mbit/s;24.27 Mbit/s;0.0 %;4.67 ms;PTT Metro de Sao Paulo - Nodo 3;;;;;
19/10/15 03:48;24.13 Mbit/s;24.39 Mbit/s;< 1 ms;< 1 ms;23.97 Mbit/s;24.19 Mbit/s;0.0 %;4.7 ms;PTT Metro de Sao Paulo - Nodo 4;;;;;
19/10/15 02:48;24.78 Mbit/s;24.45 Mbit/s;< 1 ms;< 1 ms;24.31 Mbit/s;24.35 Mbit/s;0.0 %;4.63 ms;PTT Metro de Sao Paulo - Nodo 3;;;;;
19/10/15 01:48;24.49 Mbit/s;24.25 Mbit/s;6.95 ms;< 1 ms;24.14 Mbit/s;24.28 Mbit/s;0.0 %;6.08 ms;PTT Metro de Sao Paulo - PIX ALOG Tambore;;;;;
19/10/15 00:48;24.23 Mbit/s;24.28 Mbit/s;< 1 ms;< 1 ms;24.05 Mbit/s;24.23 Mbit/s;0.0 %;4.58 ms;PTT Metro de Sao Paulo - Nodo 2;;;;;
18/10/15 23:48;23.43 Mbit/s;24.48 Mbit/s;< 1 ms;< 1 ms;23.59 Mbit/s;24.27 Mbit/s;0.0 %;4.76 ms;PTT Metro de Sao Paulo - Nodo 1;;;;;
18/10/15 22:48;23.78 Mbit/s;24.13 Mbit/s;< 1 ms;1.41 ms;23.89 Mbit/s;23.99 Mbit/s;0.0 %;5.05 ms;PTT Metro de Sao Paulo - PIX ALOG Tambore;;;;;
18/10/15 20:48;23.84 Mbit/s;23.86 Mbit/s;< 1 ms;< 1 ms;23.98 Mbit/s;23.96 Mbit/s;0.0 %;4.8 ms;PTT Metro de Sao Paulo - Nodo 4;;;;;
18/10/15 19:48;23.8 Mbit/s;24.13 Mbit/s;< 1 ms;1.29 ms;23.48 Mbit/s;23.42 Mbit/s;0.0 %;4.8 ms;PTT Metro de Sao Paulo - Nodo 2;;;;;
18/10/15 18:48;7.32 Mbit/s;19.01 Mbit/s;< 1 ms;2.93 ms;7.97 Mbit/s;14.52 Mbit/s;0.0 %;5.12 ms;PTT Metro de Sao Paulo - PIX ALOG Tambore;;;;;
18/10/15 17:48;22.52 Mbit/s;22.62 Mbit/s;< 1 ms;7.49 ms;22.93 Mbit/s;22.98 Mbit/s;0.68 %;5.13 ms;PTT Metro de Sao Paulo - Nodo 3 - PIX ALOG Tambore;;;;;
18/10/15 16:48;23.13 Mbit/s;23.39 Mbit/s;< 1 ms;< 1 ms;23.73 Mbit/s;23.18 Mbit/s;0.0 %;5.11 ms;PTT Metro de Sao Paulo - Nodo 2 - PIX ALOG Tambore;;;;;
18/10/15 15:48;22.83 Mbit/s;24.47 Mbit/s;< 1 ms;3.09 ms;23.25 Mbit/s;24.18 Mbit/s;0.0 %;4.65 ms;PTT Metro de Sao Paulo - Nodo 2;;;;;
18/10/15 14:48;24.59 Mbit/s;22.94 Mbit/s;< 1 ms;< 1 ms;24.19 Mbit/s;22.59 Mbit/s;0.0 %;5.57 ms;PTT Metro de Sao Paulo - Nodo 1;;;;;
18/10/15 13:48;22.06 Mbit/s;24.22 Mbit/s;< 1 ms;< 1 ms;23.23 Mbit/s;24.04 Mbit/s;0.0 %;4.6 ms;PTT Metro de Sao Paulo - Nodo 3;;;;;
18/10/15 12:48;24.68 Mbit/s;23.72 Mbit/s;< 1 ms;< 1 ms;24.21 Mbit/s;23.93 Mbit/s;0.0 %;5.08 ms;PTT Metro de Sao Paulo - PIX ALOG Tambore;;;;;
18/10/15 11:48;24.33 Mbit/s;24.39 Mbit/s;< 1 ms;< 1 ms;24.07 Mbit/s;24.03 Mbit/s;0.0 %;5.16 ms;PTT Metro de Sao Paulo - Nodo 3 - PIX ALOG Tambore;;;;;
18/10/15 10:48;23.8 Mbit/s;24.4 Mbit/s;< 1 ms;< 1 ms;23.81 Mbit/s;24.38 Mbit/s;0.0 %;5.09 ms;PTT Metro de Sao Paulo - Nodo 2 - PIX ALOG Tambore;;;;;
18/10/15 09:48;24.78 Mbit/s;24.49 Mbit/s;< 1 ms;< 1 ms;24.08 Mbit/s;24.15 Mbit/s;0.0 %;4.57 ms;PTT Metro de Sao Paulo - Nodo 3;;;;;
18/10/15 08:48;24.4 Mbit/s;24.48 Mbit/s;< 1 ms;< 1 ms;24.24 Mbit/s;23.34 Mbit/s;0.0 %;4.52 ms;PTT Metro de Sao Paulo - Nodo 2;;;;;
18/10/15 07:48;25.03 Mbit/s;24.52 Mbit/s;< 1 ms;1.86 ms;24.3 Mbit/s;24.07 Mbit/s;0.0 %;4.76 ms;PTT Metro de Sao Paulo - Nodo 1;;;;;
18/10/15 06:48;24.9 Mbit/s;24.51 Mbit/s;< 1 ms;< 1 ms;24.29 Mbit/s;24.18 Mbit/s;0.0 %;4.72 ms;PTT Metro de Sao Paulo - Nodo 4;;;;;
18/10/15 05:48;24.94 Mbit/s;24.39 Mbit/s;< 1 ms;< 1 ms;24.41 Mbit/s;23.88 Mbit/s;0.0 %;4.69 ms;PTT Metro de Sao Paulo - Nodo 3;;;;;
18/10/15 04:48;24.57 Mbit/s;24.39 Mbit/s;< 1 ms;< 1 ms;24.04 Mbit/s;24.4 Mbit/s;0.0 %;5.12 ms;PTT Metro de Sao Paulo - Nodo 2 - PIX ALOG Tambore;;;;;
18/10/15 03:48;25.03 Mbit/s;24.52 Mbit/s;< 1 ms;< 1 ms;24.11 Mbit/s;24.13 Mbit/s;0.0 %;4.75 ms;PTT Metro de Sao Paulo - Nodo 1;;;;;
18/10/15 02:48;25.01 Mbit/s;23.55 Mbit/s;< 1 ms;< 1 ms;24.34 Mbit/s;23.83 Mbit/s;0.0 %;5.0 ms;PTT Metro de Sao Paulo - Nodo 3 - PIX ALOG Tambore;;;;;
18/10/15 01:48;24.84 Mbit/s;24.5 Mbit/s;1.27 ms;< 1 ms;24.32 Mbit/s;24.19 Mbit/s;0.0 %;4.75 ms;PTT Metro de Sao Paulo - Nodo 3;;;;;
17/10/15 23:48;23.9 Mbit/s;23.57 Mbit/s;< 1 ms;< 1 ms;23.83 Mbit/s;24.14 Mbit/s;0.0 %;5.12 ms;PTT Metro de Sao Paulo - PIX ALOG Tambore;;;;;
17/10/15 22:48;24.68 Mbit/s;23.66 Mbit/s;< 1 ms;< 1 ms;24.28 Mbit/s;24.03 Mbit/s;0.0 %;4.61 ms;PTT Metro de Sao Paulo - Nodo 1;;;;;
17/10/15 21:48;24.8 Mbit/s;24.54 Mbit/s;< 1 ms;< 1 ms;24.25 Mbit/s;24.03 Mbit/s;0.0 %;4.66 ms;PTT Metro de Sao Paulo - Nodo 4;;;;;
17/10/15 20:48;23.8 Mbit/s;24.51 Mbit/s;< 1 ms;< 1 ms;23.86 Mbit/s;23.97 Mbit/s;0.0 %;5.0 ms;PTT Metro de Sao Paulo - PIX ALOG Tambore;;;;;
17/10/15 19:48;20.69 Mbit/s;23.58 Mbit/s;< 1 ms;< 1 ms;22.35 Mbit/s;24.14 Mbit/s;0.0 %;6.06 ms;PTT Metro de Sao Paulo - Nodo 3 - PIX ALOG Tambore;;;;;
17/10/15 18:48;23.97 Mbit/s;24.45 Mbit/s;< 1 ms;< 1 ms;23.94 Mbit/s;24.0 Mbit/s;0.0 %;6.21 ms;PTT Metro de Sao Paulo - Nodo 2 - PIX ALOG Tambore;;;;;
17/10/15 17:48;24.13 Mbit/s;23.55 Mbit/s;< 1 ms;< 1 ms;23.83 Mbit/s;23.96 Mbit/s;0.67 %;5.16 ms;PTT Metro de Sao Paulo - PIX ALOG Tambore;;;;;
17/10/15 16:48;24.82 Mbit/s;23.67 Mbit/s;< 1 ms;< 1 ms;24.23 Mbit/s;24.17 Mbit/s;0.0 %;6.05 ms;PTT Metro de Sao Paulo - Nodo 3 - PIX ALOG Tambore;;;;;
17/10/15 15:48;24.34 Mbit/s;23.37 Mbit/s;< 1 ms;< 1 ms;24.06 Mbit/s;23.16 Mbit/s;0.0 %;5.71 ms;PTT Metro de Sao Paulo - Nodo 2;;;;;
17/10/15 14:48;22.36 Mbit/s;20.72 Mbit/s;< 1 ms;< 1 ms;23.16 Mbit/s;22.12 Mbit/s;0.67 %;5.62 ms;PTT Metro de Sao Paulo - Nodo 1;;;;;
17/10/15 13:48;23.05 Mbit/s;22.27 Mbit/s;< 1 ms;< 1 ms;23.48 Mbit/s;23.08 Mbit/s;0.0 %;4.52 ms;PTT Metro de Sao Paulo - Nodo 4;;;;;
17/10/15 12:48;24.94 Mbit/s;24.28 Mbit/s;< 1 ms;< 1 ms;23.45 Mbit/s;24.29 Mbit/s;0.0 %;4.78 ms;PTT Metro de Sao Paulo - Nodo 1;;;;;
17/10/15 11:48;24.54 Mbit/s;23.39 Mbit/s;< 1 ms;1.06 ms;24.1 Mbit/s;24.03 Mbit/s;0.0 %;4.63 ms;PTT Metro de Sao Paulo - Nodo 4;;;;;
17/10/15 10:48;24.12 Mbit/s;23.68 Mbit/s;< 1 ms;< 1 ms;24.08 Mbit/s;24.01 Mbit/s;0.0 %;4.57 ms;PTT Metro de Sao Paulo - Nodo 3;;;;;
17/10/15 09:48;24.85 Mbit/s;23.65 Mbit/s;1.08 ms;< 1 ms;24.34 Mbit/s;23.9 Mbit/s;0.0 %;4.71 ms;PTT Metro de Sao Paulo - Nodo 2;;;;;
17/10/15 08:48;24.5 Mbit/s;24.33 Mbit/s;< 1 ms;< 1 ms;24.24 Mbit/s;23.54 Mbit/s;0.0 %;4.54 ms;PTT Metro de Sao Paulo - Nodo 1;;;;;
17/10/15 07:48;24.9 Mbit/s;24.35 Mbit/s;< 1 ms;< 1 ms;24.34 Mbit/s;23.98 Mbit/s;0.0 %;4.57 ms;PTT Metro de Sao Paulo - Nodo 4;;;;;
17/10/15 06:48;24.92 Mbit/s;22.76 Mbit/s;< 1 ms;< 1 ms;24.27 Mbit/s;23.47 Mbit/s;0.0 %;5.09 ms;PTT Metro de Sao Paulo - PIX ALOG Tambore;;;;;
17/10/15 05:48;24.59 Mbit/s;23.9 Mbit/s;< 1 ms;< 1 ms;23.92 Mbit/s;24.22 Mbit/s;0.0 %;4.63 ms;NIC.br nodo 2;;;;;
17/10/15 04:48;23.84 Mbit/s;24.57 Mbit/s;< 1 ms;< 1 ms;23.9 Mbit/s;23.35 Mbit/s;0.0 %;4.62 ms;PTT Metro de Sao Paulo - Nodo 2;;;;;
17/10/15 03:48;24.47 Mbit/s;24.5 Mbit/s;< 1 ms;< 1 ms;24.22 Mbit/s;24.4 Mbit/s;0.0 %;4.62 ms;PTT Metro de Sao Paulo - Nodo 1;;;;;
17/10/15 02:48;24.92 Mbit/s;24.52 Mbit/s;< 1 ms;< 1 ms;24.33 Mbit/s;24.37 Mbit/s;0.0 %;4.58 ms;PTT Metro de Sao Paulo - Nodo 4;;;;;
17/10/15 01:48;24.87 Mbit/s;24.47 Mbit/s;< 1 ms;< 1 ms;24.24 Mbit/s;23.68 Mbit/s;0.0 %;4.59 ms;PTT Metro de Sao Paulo - Nodo 3;;;;;
17/10/15 00:48;24.72 Mbit/s;24.43 Mbit/s;< 1 ms;< 1 ms;24.25 Mbit/s;24.24 Mbit/s;0.0 %;5.09 ms;PTT Metro de Sao Paulo - Nodo 2 - PIX ALOG Tambore;;;;;
16/10/15 23:48;24.99 Mbit/s;24.49 Mbit/s;< 1 ms;< 1 ms;24.18 Mbit/s;24.35 Mbit/s;0.0 %;4.56 ms;PTT Metro de Sao Paulo - Nodo 1;;;;;
16/10/15 22:48;22.82 Mbit/s;24.25 Mbit/s;< 1 ms;< 1 ms;23.51 Mbit/s;24.2 Mbit/s;0.0 %;5.1 ms;PTT Metro de Sao Paulo - Nodo 3 - PIX ALOG Tambore;;;;;
16/10/15 21:48;24.0 Mbit/s;24.24 Mbit/s;< 1 ms;< 1 ms;24.11 Mbit/s;24.14 Mbit/s;0.0 %;4.98 ms;PTT Metro de Sao Paulo - Nodo 2 - PIX ALOG Tambore;;;;;
16/10/15 20:48;23.78 Mbit/s;23.75 Mbit/s;< 1 ms;< 1 ms;23.53 Mbit/s;24.01 Mbit/s;0.0 %;4.67 ms;PTT Metro de Sao Paulo - Nodo 2;;;;;
16/10/15 19:48;22.26 Mbit/s;23.12 Mbit/s;< 1 ms;2.17 ms;23.1 Mbit/s;22.77 Mbit/s;0.0 %;4.65 ms;PTT Metro de Sao Paulo - Nodo 1;;;;;
16/10/15 18:48;22.59 Mbit/s;24.39 Mbit/s;< 1 ms;< 1 ms;23.48 Mbit/s;23.91 Mbit/s;0.0 %;5.11 ms;PTT Metro de Sao Paulo - Nodo 2 - PIX ALOG Tambore;;;;;
16/10/15 17:48;24.34 Mbit/s;22.59 Mbit/s;< 1 ms;< 1 ms;23.43 Mbit/s;23.23 Mbit/s;0.0 %;5.19 ms;PTT Metro de Sao Paulo - PIX ALOG Tambore;;;;;
16/10/15 16:48;24.2 Mbit/s;24.31 Mbit/s;< 1 ms;< 1 ms;24.13 Mbit/s;23.7 Mbit/s;0.0 %;5.23 ms;PTT Metro de Sao Paulo - Nodo 3 - PIX ALOG Tambore;;;;;
16/10/15 15:48;24.74 Mbit/s;23.62 Mbit/s;< 1 ms;< 1 ms;24.07 Mbit/s;24.02 Mbit/s;0.0 %;6.24 ms;PTT Metro de Sao Paulo - Nodo 2 - PIX ALOG Tambore;;;;;
16/10/15 14:48;24.53 Mbit/s;22.13 Mbit/s;< 1 ms;1.17 ms;23.73 Mbit/s;23.02 Mbit/s;0.0 %;4.6 ms;PTT Metro de Sao Paulo - Nodo 4;;;;;
16/10/15 13:48;23.26 Mbit/s;23.87 Mbit/s;< 1 ms;< 1 ms;23.74 Mbit/s;23.78 Mbit/s;0.0 %;5.05 ms;PTT Metro de Sao Paulo - Nodo 3 - PIX ALOG Tambore;;;;;
16/10/15 12:48;23.93 Mbit/s;22.32 Mbit/s;< 1 ms;< 1 ms;23.01 Mbit/s;22.5 Mbit/s;0.0 %;4.62 ms;PTT Metro de Sao Paulo - Nodo 3;;;;;
16/10/15 11:48;22.33 Mbit/s;23.41 Mbit/s;< 1 ms;< 1 ms;23.4 Mbit/s;24.06 Mbit/s;0.0 %;6.17 ms;PTT Metro de Sao Paulo - Nodo 2 - PIX ALOG Tambore;;;;;
16/10/15 10:48;24.21 Mbit/s;24.26 Mbit/s;1.3 ms;< 1 ms;24.04 Mbit/s;24.16 Mbit/s;0.67 %;5.03 ms;PTT Metro de Sao Paulo - Nodo 2;;;;;
16/10/15 09:48;21.31 Mbit/s;24.31 Mbit/s;< 1 ms;< 1 ms;22.36 Mbit/s;23.84 Mbit/s;0.0 %;5.58 ms;PTT Metro de Sao Paulo - Nodo 1;;;;;
16/10/15 08:48;24.91 Mbit/s;24.26 Mbit/s;< 1 ms;< 1 ms;24.33 Mbit/s;24.32 Mbit/s;0.0 %;4.62 ms;PTT Metro de Sao Paulo - Nodo 3;;;;;
16/10/15 07:48;23.59 Mbit/s;23.51 Mbit/s;< 1 ms;< 1 ms;23.54 Mbit/s;23.81 Mbit/s;0.0 %;5.52 ms;PTT Metro de Sao Paulo - Nodo 4;;;;;
16/10/15 06:48;23.29 Mbit/s;24.32 Mbit/s;< 1 ms;< 1 ms;23.66 Mbit/s;23.59 Mbit/s;0.0 %;4.65 ms;PTT Metro de Sao Paulo - Nodo 2;;;;;
16/10/15 04:48;25.02 Mbit/s;24.29 Mbit/s;< 1 ms;< 1 ms;24.4 Mbit/s;24.12 Mbit/s;0.0 %;4.68 ms;PTT Metro de Sao Paulo - Nodo 1;;;;;
16/10/15 03:48;24.97 Mbit/s;24.25 Mbit/s;< 1 ms;< 1 ms;24.33 Mbit/s;24.28 Mbit/s;0.0 %;4.7 ms;PTT Metro de Sao Paulo - Nodo 3;;;;;
16/10/15 02:48;25.05 Mbit/s;24.43 Mbit/s;< 1 ms;< 1 ms;24.26 Mbit/s;24.31 Mbit/s;0.0 %;5.07 ms;PTT Metro de Sao Paulo - Nodo 3 - PIX ALOG Tambore;;;;;
16/10/15 01:48;24.97 Mbit/s;24.31 Mbit/s;< 1 ms;< 1 ms;24.36 Mbit/s;24.29 Mbit/s;0.0 %;4.62 ms;PTT Metro de Sao Paulo - Nodo 2;;;;;
16/10/15 00:48;24.01 Mbit/s;24.45 Mbit/s;< 1 ms;< 1 ms;23.97 Mbit/s;24.12 Mbit/s;0.0 %;4.64 ms;PTT Metro de Sao Paulo - Nodo 1;;;;;
15/10/15 23:48;24.95 Mbit/s;24.02 Mbit/s;< 1 ms;2.89 ms;24.27 Mbit/s;23.47 Mbit/s;0.67 %;5.18 ms;PTT Metro de Sao Paulo - Nodo 3 - PIX ALOG Tambore;;;;;
15/10/15 22:48;23.97 Mbit/s;24.25 Mbit/s;< 1 ms;< 1 ms;23.88 Mbit/s;22.9 Mbit/s;0.0 %;5.17 ms;PTT Metro de Sao Paulo - Nodo 2 - PIX ALOG Tambore;;;;;
15/10/15 21:48;24.93 Mbit/s;24.43 Mbit/s;< 1 ms;< 1 ms;24.26 Mbit/s;24.08 Mbit/s;0.0 %;5.05 ms;PTT Metro de Sao Paulo - Nodo 2;;;;;
15/10/15 20:48;24.65 Mbit/s;24.29 Mbit/s;< 1 ms;< 1 ms;23.75 Mbit/s;23.87 Mbit/s;0.67 %;4.92 ms;PTT Metro de Sao Paulo - Nodo 1;;;;;
15/10/15 19:48;24.97 Mbit/s;23.38 Mbit/s;< 1 ms;1.57 ms;24.29 Mbit/s;23.09 Mbit/s;0.0 %;5.28 ms;PTT Metro de Sao Paulo - Nodo 2 - PIX ALOG Tambore;;;;;
15/10/15 18:48;24.7 Mbit/s;23.49 Mbit/s;< 1 ms;< 1 ms;24.03 Mbit/s;24.1 Mbit/s;0.0 %;5.66 ms;PTT Metro de Sao Paulo - Nodo 4;;;;;
15/10/15 16:48;23.3 Mbit/s;24.43 Mbit/s;< 1 ms;< 1 ms;23.57 Mbit/s;24.18 Mbit/s;0.67 %;7.22 ms;PTT Metro de Sao Paulo - Nodo 2 - PIX ALOG Tambore;;;;;
15/10/15 15:48;19.96 Mbit/s;24.43 Mbit/s;< 1 ms;< 1 ms;21.15 Mbit/s;24.35 Mbit/s;0.0 %;8.54 ms;PTT Metro de Sao Paulo - PIX ALOG Tambore;;;;;
15/10/15 14:48;24.17 Mbit/s;24.47 Mbit/s;< 1 ms;< 1 ms;23.95 Mbit/s;24.24 Mbit/s;0.0 %;5.82 ms;PTT Metro de Sao Paulo - Nodo 4;;;;;
15/10/15 13:50;23.61 Mbit/s;24.06 Mbit/s;< 1 ms;2.17 ms;23.89 Mbit/s;23.85 Mbit/s;0.0 %;5.53 ms;PTT Metro de Sao Paulo - Nodo 3;;;;;
17/09/15 16:48;23.92 Mbit/s;23.48 Mbit/s;5.04 ms;< 1 ms;23.95 Mbit/s;23.64 Mbit/s;0.0 %;6.14 ms;PTT Metro de Sao Paulo - Nodo 3 - PIX ALOG Tambore;;;;;
17/09/15 11:48;23.3 Mbit/s;23.64 Mbit/s;4.88 ms;7.14 ms;23.55 Mbit/s;24.03 Mbit/s;0.0 %;11.02 ms;PTT Metro de Sao Paulo - Nodo 3 - PIX ALOG Tambore;;;;;
17/09/15 10:48;23.02 Mbit/s;23.58 Mbit/s;< 1 ms;< 1 ms;23.11 Mbit/s;24.06 Mbit/s;0.0 %;5.38 ms;PTT Metro de Sao Paulo - Nodo 2 - PIX ALOG Tambore;;;;;
17/09/15 09:48;24.21 Mbit/s;24.47 Mbit/s;< 1 ms;< 1 ms;23.6 Mbit/s;23.88 Mbit/s;0.0 %;4.81 ms;PTT Metro de Sao Paulo - Nodo 1;;;;;
17/09/15 08:48;23.29 Mbit/s;24.48 Mbit/s;< 1 ms;< 1 ms;23.64 Mbit/s;24.36 Mbit/s;0.0 %;5.25 ms;PTT Metro de Sao Paulo - Nodo 3 - PIX ALOG Tambore;;;;;
17/09/15 07:48;24.66 Mbit/s;23.27 Mbit/s;< 1 ms;< 1 ms;23.96 Mbit/s;23.22 Mbit/s;0.0 %;4.7 ms;PTT Metro de Sao Paulo - Nodo 1;;;;;
17/09/15 06:48;20.16 Mbit/s;20.28 Mbit/s;< 1 ms;4.07 ms;21.41 Mbit/s;20.47 Mbit/s;0.0 %;4.76 ms;PTT Metro de Sao Paulo - Nodo 4;;;;;
17/09/15 05:48;24.16 Mbit/s;24.4 Mbit/s;< 1 ms;< 1 ms;23.81 Mbit/s;24.39 Mbit/s;0.0 %;5.21 ms;PTT Metro de Sao Paulo - Nodo 3 - PIX ALOG Tambore;;;;;
17/09/15 04:48;24.37 Mbit/s;24.48 Mbit/s;< 1 ms;< 1 ms;24.15 Mbit/s;24.39 Mbit/s;0.0 %;5.2 ms;PTT Metro de Sao Paulo - Nodo 2 - PIX ALOG Tambore;;;;;
17/09/15 03:48;24.08 Mbit/s;23.86 Mbit/s;< 1 ms;< 1 ms;23.9 Mbit/s;24.15 Mbit/s;0.0 %;5.15 ms;PTT Metro de Sao Paulo - PIX ALOG Tambore;;;;;
17/09/15 02:48;24.71 Mbit/s;24.53 Mbit/s;< 1 ms;< 1 ms;24.3 Mbit/s;24.21 Mbit/s;0.0 %;4.75 ms;PTT Metro de Sao Paulo - Nodo 4;;;;;
17/09/15 01:48;24.98 Mbit/s;24.47 Mbit/s;< 1 ms;< 1 ms;24.33 Mbit/s;24.39 Mbit/s;0.0 %;4.78 ms;PTT Metro de Sao Paulo - Nodo 3;;;;;
17/09/15 00:48;24.99 Mbit/s;24.48 Mbit/s;< 1 ms;< 1 ms;24.21 Mbit/s;24.41 Mbit/s;0.0 %;4.7 ms;PTT Metro de Sao Paulo - Nodo 2;;;;;
16/09/15 23:48;22.43 Mbit/s;24.56 Mbit/s;< 1 ms;7.15 ms;23.26 Mbit/s;24.35 Mbit/s;0.0 %;5.17 ms;PTT Metro de Sao Paulo - Nodo 3 - PIX ALOG Tambore;;;;;
16/09/15 22:48;21.58 Mbit/s;21.38 Mbit/s;< 1 ms;< 1 ms;22.64 Mbit/s;22.99 Mbit/s;0.0 %;6.32 ms;PTT Metro de Sao Paulo - Nodo 2 - PIX ALOG Tambore;;;;;
16/09/15 21:48;24.77 Mbit/s;24.47 Mbit/s;< 1 ms;3.21 ms;24.04 Mbit/s;24.09 Mbit/s;0.0 %;5.18 ms;PTT Metro de Sao Paulo - PIX ALOG Tambore;;;;;
16/09/15 20:48;24.48 Mbit/s;23.38 Mbit/s;< 1 ms;3.74 ms;23.96 Mbit/s;22.26 Mbit/s;0.0 %;5.24 ms;PTT Metro de Sao Paulo - Nodo 3 - PIX ALOG Tambore;;;;;
16/09/15 19:48;22.35 Mbit/s;22.62 Mbit/s;< 1 ms;< 1 ms;23.42 Mbit/s;23.77 Mbit/s;0.0 %;4.83 ms;PTT Metro de Sao Paulo - Nodo 1;;;;;
16/09/15 18:48;23.92 Mbit/s;21.14 Mbit/s;< 1 ms;1.98 ms;23.2 Mbit/s;22.31 Mbit/s;0.0 %;7.06 ms;PTT Metro de Sao Paulo - PIX ALOG Tambore;;;;;
16/09/15 17:48;23.46 Mbit/s;24.24 Mbit/s;4.32 ms;< 1 ms;23.78 Mbit/s;23.87 Mbit/s;0.0 %;4.73 ms;PTT Metro de Sao Paulo - Nodo 3;;;;;
16/09/15 15:48;20.16 Mbit/s;23.18 Mbit/s;< 1 ms;< 1 ms;21.11 Mbit/s;23.92 Mbit/s;0.0 %;6.21 ms;PTT Metro de Sao Paulo - Nodo 1;;;;;
16/09/15 14:48;20.98 Mbit/s;23.15 Mbit/s;2.58 ms;2.52 ms;22.21 Mbit/s;23.82 Mbit/s;0.0 %;8.31 ms;PTT Metro de Sao Paulo - Nodo 4;;;;;
16/09/15 13:48;18.96 Mbit/s;21.45 Mbit/s;1.74 ms;< 1 ms;20.01 Mbit/s;20.85 Mbit/s;0.0 %;8.15 ms;PTT Metro de Sao Paulo - Nodo 3;;;;;
16/09/15 12:48;19.19 Mbit/s;23.27 Mbit/s;< 1 ms;5.15 ms;20.87 Mbit/s;21.66 Mbit/s;0.0 %;6.46 ms;PTT Metro de Sao Paulo - Nodo 3 - PIX ALOG Tambore;;;;;
16/09/15 11:48;21.47 Mbit/s;21.75 Mbit/s;< 1 ms;17.43 ms;22.67 Mbit/s;22.82 Mbit/s;0.74 %;71.31 ms;PTT Metro de Sao Paulo - PIX ALOG Tambore;;;;;
16/09/15 10:48;22.92 Mbit/s;21.87 Mbit/s;6.66 ms;1.8 ms;23.57 Mbit/s;22.13 Mbit/s;0.0 %;6.67 ms;PTT Metro de Sao Paulo - Nodo 4;;;;;
16/09/15 09:48;18.77 Mbit/s;22.78 Mbit/s;1.14 ms;< 1 ms;20.55 Mbit/s;23.39 Mbit/s;0.0 %;6.65 ms;PTT Metro de Sao Paulo - Nodo 2 - PIX ALOG Tambore;;;;;
16/09/15 08:48;15.55 Mbit/s;19.29 Mbit/s;< 1 ms;4.26 ms;16.86 Mbit/s;18.36 Mbit/s;0.0 %;5.15 ms;PTT Metro de Sao Paulo - PIX ALOG Tambore;;;;;
16/09/15 07:48;24.58 Mbit/s;24.46 Mbit/s;< 1 ms;< 1 ms;23.44 Mbit/s;24.34 Mbit/s;0.0 %;5.67 ms;PTT Metro de Sao Paulo - Nodo 1;;;;;
16/09/15 06:48;21.75 Mbit/s;24.38 Mbit/s;< 1 ms;< 1 ms;22.85 Mbit/s;24.35 Mbit/s;0.0 %;4.72 ms;PTT Metro de Sao Paulo - Nodo 4;;;;;
16/09/15 05:48;24.59 Mbit/s;23.53 Mbit/s;< 1 ms;< 1 ms;24.31 Mbit/s;23.78 Mbit/s;0.0 %;4.84 ms;PTT Metro de Sao Paulo - Nodo 3;;;;;
16/09/15 04:48;25.02 Mbit/s;24.54 Mbit/s;< 1 ms;< 1 ms;24.33 Mbit/s;24.39 Mbit/s;0.0 %;4.66 ms;PTT Metro de Sao Paulo - Nodo 2;;;;;
16/09/15 03:48;24.36 Mbit/s;24.5 Mbit/s;< 1 ms;< 1 ms;24.25 Mbit/s;24.39 Mbit/s;0.0 %;5.26 ms;PTT Metro de Sao Paulo - Nodo 2 - PIX ALOG Tambore;;;;;
16/09/15 02:48;23.08 Mbit/s;24.46 Mbit/s;< 1 ms;1.0 ms;23.55 Mbit/s;24.38 Mbit/s;0.0 %;4.64 ms;PTT Metro de Sao Paulo - Nodo 4;;;;;
16/09/15 01:48;24.95 Mbit/s;24.46 Mbit/s;< 1 ms;< 1 ms;24.26 Mbit/s;24.31 Mbit/s;0.0 %;4.7 ms;PTT Metro de Sao Paulo - Nodo 3;;;;;
16/09/15 00:48;21.78 Mbit/s;24.47 Mbit/s;< 1 ms;1.85 ms;22.99 Mbit/s;23.31 Mbit/s;0.0 %;5.23 ms;PTT Metro de Sao Paulo - Nodo 2 - PIX ALOG Tambore;;;;;
15/09/15 23:48;24.78 Mbit/s;24.47 Mbit/s;< 1 ms;< 1 ms;24.3 Mbit/s;24.38 Mbit/s;0.0 %;4.74 ms;PTT Metro de Sao Paulo - Nodo 1;;;;;
15/09/15 22:48;24.82 Mbit/s;23.82 Mbit/s;< 1 ms;3.08 ms;24.2 Mbit/s;23.82 Mbit/s;0.0 %;5.2 ms;PTT Metro de Sao Paulo - Nodo 3 - PIX ALOG Tambore;;;;;
15/09/15 21:48;24.54 Mbit/s;24.17 Mbit/s;< 1 ms;< 1 ms;24.14 Mbit/s;24.3 Mbit/s;0.0 %;4.75 ms;PTT Metro de Sao Paulo - Nodo 3;;;;;
15/09/15 20:48;22.97 Mbit/s;21.58 Mbit/s;< 1 ms;< 1 ms;23.67 Mbit/s;22.88 Mbit/s;0.0 %;5.09 ms;PTT Metro de Sao Paulo - PIX ALOG Tambore;;;;;
15/09/15 19:48;23.53 Mbit/s;23.21 Mbit/s;< 1 ms;< 1 ms;23.6 Mbit/s;23.72 Mbit/s;0.0 %;5.21 ms;PTT Metro de Sao Paulo - Nodo 3 - PIX ALOG Tambore;;;;;
15/09/15 18:48;17.28 Mbit/s;16.99 Mbit/s;< 1 ms;5.98 ms;17.76 Mbit/s;17.6 Mbit/s;0.0 %;17.28 ms;PTT Metro de Curitiba;;;;;
15/09/15 17:48;24.11 Mbit/s;21.51 Mbit/s;< 1 ms;< 1 ms;24.0 Mbit/s;22.37 Mbit/s;0.0 %;5.02 ms;PTT Metro de Sao Paulo - Nodo 3;;;;;
15/09/15 16:48;22.05 Mbit/s;24.34 Mbit/s;< 1 ms;< 1 ms;22.76 Mbit/s;23.23 Mbit/s;0.0 %;6.27 ms;PTT Metro de Sao Paulo - Nodo 2;;;;;
15/09/15 14:48;19.76 Mbit/s;22.41 Mbit/s;6.91 ms;< 1 ms;21.18 Mbit/s;23.35 Mbit/s;0.0 %;7.58 ms;PTT Metro de Sao Paulo - Nodo 4;;;;;
15/09/15 13:48;15.84 Mbit/s;23.61 Mbit/s;< 1 ms;10.53 ms;17.37 Mbit/s;23.67 Mbit/s;0.0 %;5.1 ms;PTT Metro de Sao Paulo - Nodo 3;;;;;
15/09/15 12:48;21.93 Mbit/s;23.24 Mbit/s;6.33 ms;6.11 ms;22.94 Mbit/s;21.76 Mbit/s;0.0 %;15.01 ms;PTT Metro de Sao Paulo - PIX ALOG Tambore;;;;;
15/09/15 11:48;23.99 Mbit/s;21.89 Mbit/s;5.03 ms;< 1 ms;23.9 Mbit/s;21.84 Mbit/s;0.0 %;7.31 ms;PTT Metro de Sao Paulo - Nodo 3 - PIX ALOG Tambore;;;;;
15/09/15 10:48;22.2 Mbit/s;18.45 Mbit/s;< 1 ms;< 1 ms;23.31 Mbit/s;16.91 Mbit/s;0.0 %;9.02 ms;PTT Metro de Sao Paulo - Nodo 4;;;;;
15/09/15 09:48;23.17 Mbit/s;20.83 Mbit/s;< 1 ms;2.86 ms;23.04 Mbit/s;22.08 Mbit/s;0.0 %;5.27 ms;PTT Metro de Sao Paulo - Nodo 3 - PIX ALOG Tambore;;;;;
15/09/15 08:48;23.01 Mbit/s;23.8 Mbit/s;< 1 ms;1.03 ms;23.64 Mbit/s;23.13 Mbit/s;0.0 %;5.22 ms;PTT Metro de Sao Paulo - PIX ALOG Tambore;;;;;
15/09/15 07:48;23.93 Mbit/s;23.48 Mbit/s;< 1 ms;1.65 ms;24.18 Mbit/s;22.82 Mbit/s;0.0 %;5.45 ms;PTT Metro de Sao Paulo - Nodo 3 - PIX ALOG Tambore;;;;;
15/09/15 06:48;24.79 Mbit/s;20.95 Mbit/s;< 1 ms;1.23 ms;24.83 Mbit/s;22.33 Mbit/s;0.0 %;5.35 ms;PTT Metro de Sao Paulo - Nodo 2 - PIX ALOG Tambore;;;;;
15/09/15 05:48;23.91 Mbit/s;24.31 Mbit/s;< 1 ms;< 1 ms;23.95 Mbit/s;23.47 Mbit/s;0.0 %;4.7 ms;PTT Metro de Sao Paulo - Nodo 3;;;;;
15/09/15 04:48;24.8 Mbit/s;24.59 Mbit/s;< 1 ms;1.0 ms;24.35 Mbit/s;24.42 Mbit/s;0.0 %;5.29 ms;PTT Metro de Sao Paulo - Nodo 3 - PIX ALOG Tambore;;;;;
15/09/15 03:48;23.79 Mbit/s;24.42 Mbit/s;5.72 ms;< 1 ms;23.84 Mbit/s;24.36 Mbit/s;0.0 %;4.94 ms;PTT Metro de Sao Paulo - Nodo 1;;;;;
15/09/15 02:48;24.95 Mbit/s;24.52 Mbit/s;< 1 ms;< 1 ms;24.41 Mbit/s;24.2 Mbit/s;0.0 %;4.95 ms;PTT Metro de Sao Paulo - Nodo 2;;;;;
15/09/15 01:48;24.19 Mbit/s;24.44 Mbit/s;< 1 ms;1.25 ms;24.19 Mbit/s;24.28 Mbit/s;0.0 %;4.96 ms;PTT Metro de Sao Paulo - Nodo 3;;;;;
15/09/15 00:48;24.44 Mbit/s;24.47 Mbit/s;< 1 ms;< 1 ms;24.23 Mbit/s;23.28 Mbit/s;0.0 %;4.99 ms;PTT Metro de Sao Paulo - Nodo 4;;;;;
14/09/15 23:48;24.78 Mbit/s;24.45 Mbit/s;< 1 ms;< 1 ms;24.24 Mbit/s;24.32 Mbit/s;0.0 %;4.9 ms;PTT Metro de Sao Paulo - Nodo 1;;;;;
14/09/15 22:48;24.54 Mbit/s;24.24 Mbit/s;< 1 ms;< 1 ms;24.15 Mbit/s;23.26 Mbit/s;0.0 %;5.09 ms;PTT Metro de Sao Paulo - Nodo 3 - PIX ALOG Tambore;;;;;
14/09/15 21:48;24.68 Mbit/s;24.17 Mbit/s;< 1 ms;1.57 ms;24.2 Mbit/s;22.53 Mbit/s;0.0 %;4.8 ms;PTT Metro de Sao Paulo - Nodo 3;;;;;
14/09/15 20:48;22.44 Mbit/s;24.41 Mbit/s;< 1 ms;1.16 ms;23.28 Mbit/s;24.32 Mbit/s;0.0 %;4.76 ms;PTT Metro de Sao Paulo - Nodo 4;;;;;
14/09/15 18:48;23.87 Mbit/s;23.41 Mbit/s;< 1 ms;7.82 ms;23.85 Mbit/s;24.04 Mbit/s;0.0 %;6.63 ms;PTT Metro de Sao Paulo - Nodo 2 - PIX ALOG Tambore;;;;;
14/09/15 17:48;23.6 Mbit/s;24.49 Mbit/s;1.78 ms;1.72 ms;23.66 Mbit/s;24.14 Mbit/s;0.0 %;7.08 ms;PTT Metro de Sao Paulo - Nodo 3;;;;;
14/09/15 16:48;24.53 Mbit/s;24.3 Mbit/s;< 1 ms;< 1 ms;24.47 Mbit/s;23.41 Mbit/s;0.0 %;5.35 ms;PTT Metro de Sao Paulo - Nodo 3 - PIX ALOG Tambore;;;;;
14/09/15 15:48;18.43 Mbit/s;21.62 Mbit/s;2.97 ms;2.12 ms;19.57 Mbit/s;20.9 Mbit/s;0.0 %;10.9 ms;PTT Metro de Sao Paulo - Nodo 2 - PIX ALOG Tambore;;;;;
14/09/15 14:48;14.59 Mbit/s;23.94 Mbit/s;7.03 ms;< 1 ms;15.99 Mbit/s;22.82 Mbit/s;0.0 %;8.18 ms;PTT Metro de Sao Paulo - Nodo 2;;;;;
14/09/15 13:48;17.77 Mbit/s;24.0 Mbit/s;< 1 ms;< 1 ms;19.36 Mbit/s;23.55 Mbit/s;0.0 %;5.24 ms;PTT Metro de Sao Paulo - Nodo 3;;;;;
14/09/15 11:48;22.5 Mbit/s;22.85 Mbit/s;7.21 ms;4.93 ms;23.24 Mbit/s;22.67 Mbit/s;0.0 %;7.25 ms;PTT Metro de Sao Paulo - PIX ALOG Tambore;;;;;
14/09/15 10:48;20.63 Mbit/s;23.44 Mbit/s;< 1 ms;< 1 ms;21.8 Mbit/s;23.07 Mbit/s;0.0 %;12.07 ms;PTT Metro do Rio de Janeiro - Nodo 1;;;;;
14/09/15 08:49;24.79 Mbit/s;18.3 Mbit/s;< 1 ms;1.26 ms;24.15 Mbit/s;19.57 Mbit/s;0.0 %;6.03 ms;PTT Metro de Sao Paulo - Nodo 2;;;;;
14/09/15 07:48;21.3 Mbit/s;24.48 Mbit/s;< 1 ms;< 1 ms;22.78 Mbit/s;23.68 Mbit/s;0.0 %;4.89 ms;PTT Metro de Sao Paulo - Nodo 1;;;;;
14/09/15 06:48;24.82 Mbit/s;24.49 Mbit/s;< 1 ms;< 1 ms;23.79 Mbit/s;23.54 Mbit/s;0.0 %;5.7 ms;PTT Metro de Sao Paulo - Nodo 4;;;;;
14/09/15 05:48;25.0 Mbit/s;24.41 Mbit/s;1.2 ms;< 1 ms;24.32 Mbit/s;18.55 Mbit/s;0.0 %;4.79 ms;PTT Metro de Sao Paulo - Nodo 3;;;;;
14/09/15 04:48;24.87 Mbit/s;24.44 Mbit/s;< 1 ms;< 1 ms;24.34 Mbit/s;24.24 Mbit/s;0.0 %;5.17 ms;PTT Metro de Sao Paulo - Nodo 3 - PIX ALOG Tambore;;;;;
14/09/15 03:48;24.94 Mbit/s;24.51 Mbit/s;< 1 ms;< 1 ms;24.4 Mbit/s;24.39 Mbit/s;0.0 %;5.11 ms;PTT Metro de Sao Paulo - Nodo 2 - PIX ALOG Tambore;;;;;
14/09/15 02:48;24.41 Mbit/s;24.6 Mbit/s;< 1 ms;< 1 ms;24.26 Mbit/s;24.3 Mbit/s;0.0 %;4.78 ms;PTT Metro de Sao Paulo - Nodo 4;;;;;
14/09/15 01:48;24.92 Mbit/s;24.56 Mbit/s;1.3 ms;< 1 ms;24.4 Mbit/s;24.25 Mbit/s;0.0 %;5.4 ms;PTT Metro de Sao Paulo - Nodo 3 - PIX ALOG Tambore;;;;;
14/09/15 00:48;24.4 Mbit/s;24.47 Mbit/s;< 1 ms;< 1 ms;24.25 Mbit/s;24.39 Mbit/s;0.0 %;5.33 ms;PTT Metro de Sao Paulo - Nodo 2 - PIX ALOG Tambore;;;;;
13/09/15 23:48;24.16 Mbit/s;24.36 Mbit/s;< 1 ms;< 1 ms;24.15 Mbit/s;23.29 Mbit/s;0.0 %;4.79 ms;PTT Metro de Sao Paulo - Nodo 1;;;;;
13/09/15 22:48;24.97 Mbit/s;24.51 Mbit/s;4.35 ms;2.68 ms;24.02 Mbit/s;24.24 Mbit/s;0.0 %;5.38 ms;PTT Metro de Sao Paulo - Nodo 3 - PIX ALOG Tambore;;;;;
13/09/15 21:48;24.72 Mbit/s;24.46 Mbit/s;< 1 ms;< 1 ms;23.36 Mbit/s;24.39 Mbit/s;0.0 %;4.8 ms;PTT Metro de Sao Paulo - Nodo 3;;;;;
13/09/15 19:48;24.45 Mbit/s;23.84 Mbit/s;< 1 ms;< 1 ms;24.14 Mbit/s;24.22 Mbit/s;0.0 %;4.73 ms;PTT Metro de Sao Paulo - Nodo 1;;;;;
13/09/15 18:48;24.98 Mbit/s;23.96 Mbit/s;< 1 ms;< 1 ms;24.32 Mbit/s;24.29 Mbit/s;0.0 %;4.86 ms;PTT Metro de Sao Paulo - Nodo 4;;;;;
13/09/15 17:48;24.77 Mbit/s;24.45 Mbit/s;< 1 ms;< 1 ms;24.09 Mbit/s;24.09 Mbit/s;0.0 %;4.79 ms;PTT Metro de Sao Paulo - Nodo 3;;;;;
13/09/15 16:48;24.64 Mbit/s;24.06 Mbit/s;< 1 ms;< 1 ms;24.0 Mbit/s;24.27 Mbit/s;0.0 %;4.76 ms;PTT Metro de Sao Paulo - Nodo 2;;;;;
13/09/15 15:48;23.59 Mbit/s;24.35 Mbit/s;< 1 ms;< 1 ms;23.83 Mbit/s;24.22 Mbit/s;0.0 %;5.4 ms;PTT Metro de Sao Paulo - Nodo 2 - PIX ALOG Tambore;;;;;
13/09/15 14:48;25.02 Mbit/s;24.47 Mbit/s;< 1 ms;< 1 ms;24.32 Mbit/s;24.31 Mbit/s;0.0 %;5.99 ms;PTT Metro de Sao Paulo - Nodo 4;;;;;
13/09/15 13:48;23.89 Mbit/s;24.31 Mbit/s;< 1 ms;< 1 ms;23.84 Mbit/s;23.88 Mbit/s;0.0 %;5.32 ms;PTT Metro de Sao Paulo - Nodo 3 - PIX ALOG Tambore;;;;;
13/09/15 12:48;24.74 Mbit/s;24.43 Mbit/s;< 1 ms;4.73 ms;24.04 Mbit/s;24.28 Mbit/s;0.0 %;6.45 ms;PTT Metro de Sao Paulo - Nodo 2 - PIX ALOG Tambore;;;;;
13/09/15 10:48;23.38 Mbit/s;24.35 Mbit/s;< 1 ms;< 1 ms;23.68 Mbit/s;24.31 Mbit/s;0.0 %;5.0 ms;PTT Metro de Sao Paulo - Nodo 4;;;;;
13/09/15 09:48;23.52 Mbit/s;24.47 Mbit/s;< 1 ms;1.01 ms;23.71 Mbit/s;23.26 Mbit/s;0.0 %;8.58 ms;PTT Metro de Sao Paulo - Nodo 1;;;;;
13/09/15 08:48;23.55 Mbit/s;24.36 Mbit/s;< 1 ms;< 1 ms;23.95 Mbit/s;24.11 Mbit/s;0.0 %;5.24 ms;PTT Metro de Sao Paulo - Nodo 3 - PIX ALOG Tambore;;;;;
13/09/15 07:48;25.02 Mbit/s;24.5 Mbit/s;< 1 ms;< 1 ms;24.36 Mbit/s;24.39 Mbit/s;0.0 %;4.73 ms;PTT Metro de Sao Paulo - Nodo 1;;;;;
13/09/15 06:48;24.98 Mbit/s;24.61 Mbit/s;< 1 ms;< 1 ms;24.41 Mbit/s;24.41 Mbit/s;0.0 %;5.28 ms;PTT Metro de Sao Paulo - Nodo 2 - PIX ALOG Tambore;;;;;
13/09/15 05:48;23.25 Mbit/s;24.52 Mbit/s;< 1 ms;< 1 ms;23.76 Mbit/s;23.29 Mbit/s;0.0 %;5.27 ms;PTT Metro de Sao Paulo - Nodo 3 - PIX ALOG Tambore;;;;;
13/09/15 04:48;24.9 Mbit/s;24.55 Mbit/s;< 1 ms;< 1 ms;24.38 Mbit/s;24.4 Mbit/s;0.0 %;5.28 ms;PTT Metro de Sao Paulo - PIX ALOG Tambore;;;;;
13/09/15 03:48;24.98 Mbit/s;24.45 Mbit/s;< 1 ms;< 1 ms;24.38 Mbit/s;24.37 Mbit/s;0.0 %;5.08 ms;PTT Metro de Sao Paulo - Nodo 2 - PIX ALOG Tambore;;;;;
13/09/15 02:48;40.71 Mbit/s;41.55 Mbit/s;< 1 ms;1.03 ms;44.65 Mbit/s;43.73 Mbit/s;0.0 %;4.96 ms;PTT Metro de Sao Paulo - Nodo 2;;;;;
13/09/15 02:48;24.42 Mbit/s;24.52 Mbit/s;12.02 ms;< 1 ms;24.23 Mbit/s;24.05 Mbit/s;0.79 %;138.79 ms;PTT Metro de Sao Paulo - Nodo 2;;;;;
13/09/15 01:48;24.67 Mbit/s;24.44 Mbit/s;< 1 ms;< 1 ms;24.31 Mbit/s;23.13 Mbit/s;0.0 %;4.81 ms;PTT Metro de Sao Paulo - Nodo 3;;;;;
13/09/15 00:48;25.0 Mbit/s;24.49 Mbit/s;< 1 ms;< 1 ms;24.41 Mbit/s;24.33 Mbit/s;0.0 %;4.72 ms;PTT Metro de Sao Paulo - Nodo 4;;;;;
12/09/15 22:48;21.74 Mbit/s;24.5 Mbit/s;< 1 ms;< 1 ms;22.92 Mbit/s;24.01 Mbit/s;0.0 %;5.79 ms;PTT Metro de Sao Paulo - Nodo 2;;;;;
12/09/15 21:48;24.16 Mbit/s;23.18 Mbit/s;4.41 ms;< 1 ms;24.04 Mbit/s;22.37 Mbit/s;0.0 %;4.92 ms;PTT Metro de Sao Paulo - Nodo 3;;;;;
12/09/15 20:48;20.87 Mbit/s;23.36 Mbit/s;< 1 ms;2.06 ms;22.52 Mbit/s;23.55 Mbit/s;0.67 %;4.89 ms;PTT Metro de Sao Paulo - Nodo 4;;;;;
12/09/15 19:48;19.44 Mbit/s;23.36 Mbit/s;< 1 ms;2.76 ms;21.32 Mbit/s;21.04 Mbit/s;0.0 %;5.25 ms;PTT Metro de Sao Paulo - PIX ALOG Tambore;;;;;
12/09/15 18:48;21.76 Mbit/s;24.28 Mbit/s;< 1 ms;< 1 ms;23.05 Mbit/s;23.3 Mbit/s;0.0 %;4.74 ms;PTT Metro de Sao Paulo - Nodo 2;;;;;
12/09/15 17:49;23.12 Mbit/s;23.23 Mbit/s;< 1 ms;< 1 ms;23.46 Mbit/s;23.67 Mbit/s;0.0 %;4.88 ms;PTT Metro de Sao Paulo - Nodo 3;;;;;
12/09/15 16:49;21.73 Mbit/s;24.33 Mbit/s;< 1 ms;< 1 ms;22.81 Mbit/s;24.27 Mbit/s;0.0 %;5.44 ms;PTT Metro de Sao Paulo - PIX ALOG Tambore;;;;;
12/09/15 15:49;23.49 Mbit/s;24.47 Mbit/s;< 1 ms;4.6 ms;23.7 Mbit/s;24.28 Mbit/s;0.0 %;7.55 ms;PTT Metro de Sao Paulo - Nodo 3 - PIX ALOG Tambore;;;;;
12/09/15 14:48;24.96 Mbit/s;23.57 Mbit/s;< 1 ms;< 1 ms;24.4 Mbit/s;24.13 Mbit/s;0.0 %;4.88 ms;PTT Metro de Sao Paulo - Nodo 2;;;;;
12/09/15 13:48;21.77 Mbit/s;23.82 Mbit/s;< 1 ms;< 1 ms;23.05 Mbit/s;24.2 Mbit/s;0.0 %;4.69 ms;PTT Metro de Sao Paulo - Nodo 3;;;;;
12/09/15 12:48;24.83 Mbit/s;24.33 Mbit/s;< 1 ms;< 1 ms;24.19 Mbit/s;24.37 Mbit/s;0.0 %;5.71 ms;PTT Metro de Sao Paulo - Nodo 4;;;;;
12/09/15 12:48;43.05 Mbit/s;49.9 Mbit/s;1.07 ms;1.29 ms;45.77 Mbit/s;51.22 Mbit/s;0.0 %;5.58 ms;PTT Metro de Sao Paulo - Nodo 3 - PIX ALOG Tambore;;;;;
12/09/15 11:49;20.34 Mbit/s;15.13 Mbit/s;13.76 ms;5.91 ms;21.92 Mbit/s;15.29 Mbit/s;0.0 %;127.93 ms;PTT Metro de Sao Paulo - PIX ALOG Tambore;;;;;
12/09/15 10:48;18.66 Mbit/s;24.29 Mbit/s;< 1 ms;1.26 ms;20.51 Mbit/s;22.91 Mbit/s;0.0 %;6.39 ms;PTT Metro de Sao Paulo - Nodo 1;;;;;
12/09/15 09:48;22.34 Mbit/s;24.58 Mbit/s;< 1 ms;1.63 ms;23.43 Mbit/s;24.37 Mbit/s;0.0 %;7.13 ms;PTT Metro de Sao Paulo - Nodo 4;;;;;
12/09/15 08:48;24.2 Mbit/s;24.5 Mbit/s;< 1 ms;< 1 ms;23.92 Mbit/s;21.89 Mbit/s;0.0 %;5.74 ms;PTT Metro de Sao Paulo - Nodo 3;;;;;
12/09/15 07:48;25.01 Mbit/s;24.29 Mbit/s;< 1 ms;< 1 ms;24.28 Mbit/s;22.98 Mbit/s;0.0 %;4.95 ms;PTT Metro de Sao Paulo - Nodo 2;;;;;
12/09/15 05:48;24.93 Mbit/s;24.4 Mbit/s;< 1 ms;< 1 ms;24.39 Mbit/s;24.27 Mbit/s;0.0 %;4.74 ms;PTT Metro de Sao Paulo - Nodo 4;;;;;
12/09/15 04:48;23.0 Mbit/s;24.01 Mbit/s;< 1 ms;< 1 ms;23.74 Mbit/s;24.06 Mbit/s;0.0 %;4.77 ms;PTT Metro de Sao Paulo - Nodo 3;;;;;
12/09/15 03:48;24.39 Mbit/s;24.57 Mbit/s;< 1 ms;< 1 ms;24.26 Mbit/s;24.35 Mbit/s;0.0 %;4.82 ms;PTT Metro de Sao Paulo - Nodo 2;;;;;
12/09/15 02:48;25.05 Mbit/s;24.39 Mbit/s;< 1 ms;< 1 ms;24.42 Mbit/s;24.37 Mbit/s;0.0 %;4.97 ms;PTT Metro de Sao Paulo - Nodo 1;;;;;
12/09/15 01:48;25.14 Mbit/s;24.54 Mbit/s;< 1 ms;< 1 ms;24.43 Mbit/s;24.4 Mbit/s;0.0 %;4.77 ms;PTT Metro de Sao Paulo - Nodo 4;;;;;
12/09/15 00:48;23.95 Mbit/s;24.49 Mbit/s;< 1 ms;< 1 ms;24.09 Mbit/s;24.37 Mbit/s;0.0 %;6.78 ms;PTT Metro de Sao Paulo - Nodo 3 - PIX ALOG Tambore;;;;;
11/09/15 23:48;24.92 Mbit/s;24.45 Mbit/s;< 1 ms;< 1 ms;24.32 Mbit/s;24.38 Mbit/s;0.0 %;4.72 ms;PTT Metro de Sao Paulo - Nodo 2;;;;;
11/09/15 22:48;24.64 Mbit/s;24.47 Mbit/s;< 1 ms;< 1 ms;24.26 Mbit/s;23.27 Mbit/s;0.0 %;5.31 ms;PTT Metro de Sao Paulo - Nodo 2 - PIX ALOG Tambore;;;;;
11/09/15 20:48;24.77 Mbit/s;24.49 Mbit/s;< 1 ms;1.54 ms;24.32 Mbit/s;24.26 Mbit/s;0.0 %;4.63 ms;PTT Metro de Sao Paulo - Nodo 3;;;;;
11/09/15 19:48;25.0 Mbit/s;24.4 Mbit/s;< 1 ms;< 1 ms;24.4 Mbit/s;24.39 Mbit/s;0.0 %;5.18 ms;PTT Metro de Sao Paulo - Nodo 2 - PIX ALOG Tambore;;;;;
11/09/15 18:48;24.28 Mbit/s;24.2 Mbit/s;< 1 ms;< 1 ms;24.21 Mbit/s;24.24 Mbit/s;0.0 %;5.27 ms;PTT Metro de Sao Paulo - Nodo 3 - PIX ALOG Tambore;;;;;
11/09/15 17:48;19.25 Mbit/s;24.4 Mbit/s;< 1 ms;< 1 ms;21.1 Mbit/s;23.84 Mbit/s;0.0 %;5.99 ms;PTT Metro de Sao Paulo - PIX ALOG Tambore;;;;;
11/09/15 16:48;23.74 Mbit/s;21.74 Mbit/s;< 1 ms;3.51 ms;23.98 Mbit/s;23.1 Mbit/s;0.0 %;4.88 ms;PTT Metro de Sao Paulo - Nodo 3;;;;;
11/09/15 14:48;24.6 Mbit/s;23.38 Mbit/s;< 1 ms;< 1 ms;24.26 Mbit/s;24.07 Mbit/s;0.0 %;4.78 ms;PTT Metro de Sao Paulo - Nodo 1;;;;;
11/09/15 12:49;21.08 Mbit/s;23.64 Mbit/s;5.82 ms;< 1 ms;21.58 Mbit/s;23.73 Mbit/s;0.0 %;9.55 ms;PTT Metro de Sao Paulo - Nodo 3 - PIX ALOG Tambore;;;;;
11/09/15 11:48;23.03 Mbit/s;21.28 Mbit/s;< 1 ms;< 1 ms;23.87 Mbit/s;22.74 Mbit/s;0.0 %;5.64 ms;PTT Metro de Sao Paulo - Nodo 2;;;;;
11/09/15 10:48;24.27 Mbit/s;24.42 Mbit/s;< 1 ms;< 1 ms;24.03 Mbit/s;24.34 Mbit/s;0.0 %;4.74 ms;PTT Metro de Sao Paulo - Nodo 3;;;;;
11/09/15 09:48;24.55 Mbit/s;22.39 Mbit/s;< 1 ms;< 1 ms;24.09 Mbit/s;22.33 Mbit/s;0.0 %;4.71 ms;PTT Metro de Sao Paulo - Nodo 1;;;;;
11/09/15 07:48;20.0 Mbit/s;24.4 Mbit/s;< 1 ms;1.72 ms;21.6 Mbit/s;24.22 Mbit/s;0.0 %;4.76 ms;PTT Metro de Sao Paulo - Nodo 2;;;;;
11/09/15 06:48;24.8 Mbit/s;23.71 Mbit/s;< 1 ms;< 1 ms;24.36 Mbit/s;23.85 Mbit/s;0.0 %;4.68 ms;PTT Metro de Sao Paulo - Nodo 3;;;;;
11/09/15 05:48;24.68 Mbit/s;21.43 Mbit/s;< 1 ms;< 1 ms;24.01 Mbit/s;22.64 Mbit/s;0.0 %;4.64 ms;PTT Metro de Sao Paulo - Nodo 1;;;;;
11/09/15 04:48;24.51 Mbit/s;24.4 Mbit/s;< 1 ms;< 1 ms;24.31 Mbit/s;24.38 Mbit/s;0.0 %;4.79 ms;PTT Metro de Sao Paulo - Nodo 4;;;;;
11/09/15 03:48;24.95 Mbit/s;24.56 Mbit/s;< 1 ms;< 1 ms;24.4 Mbit/s;24.42 Mbit/s;0.0 %;4.94 ms;PTT Metro de Sao Paulo - Nodo 2;;;;;
11/09/15 02:48;24.42 Mbit/s;24.38 Mbit/s;< 1 ms;< 1 ms;24.25 Mbit/s;24.23 Mbit/s;0.0 %;4.72 ms;PTT Metro de Sao Paulo - Nodo 3;;;;;
11/09/15 01:48;25.13 Mbit/s;24.41 Mbit/s;< 1 ms;< 1 ms;24.43 Mbit/s;24.38 Mbit/s;0.0 %;4.83 ms;PTT Metro de Sao Paulo - Nodo 1;;;;;
11/09/15 00:48;24.88 Mbit/s;24.56 Mbit/s;< 1 ms;< 1 ms;24.38 Mbit/s;24.39 Mbit/s;0.0 %;5.32 ms;PTT Metro de Sao Paulo - Nodo 3 - PIX ALOG Tambore;;;;;
10/09/15 23:48;24.81 Mbit/s;24.45 Mbit/s;< 1 ms;< 1 ms;24.37 Mbit/s;24.33 Mbit/s;0.0 %;5.31 ms;PTT Metro de Sao Paulo - Nodo 2 - PIX ALOG Tambore;;;;;
10/09/15 21:48;24.86 Mbit/s;23.71 Mbit/s;< 1 ms;< 1 ms;24.06 Mbit/s;24.14 Mbit/s;0.0 %;5.17 ms;PTT Metro de Sao Paulo - PIX ALOG Tambore;;;;;
10/09/15 20:48;23.74 Mbit/s;24.34 Mbit/s;< 1 ms;1.03 ms;24.0 Mbit/s;24.34 Mbit/s;0.0 %;5.67 ms;PTT Metro de Sao Paulo - Nodo 1;;;;;
10/09/15 18:48;23.72 Mbit/s;22.78 Mbit/s;6.65 ms;4.59 ms;23.24 Mbit/s;23.79 Mbit/s;0.0 %;19.4 ms;PTT Metro de Sao Paulo - Nodo 2;;;;;
10/09/15 17:49;23.76 Mbit/s;24.37 Mbit/s;6.65 ms;< 1 ms;23.85 Mbit/s;23.66 Mbit/s;0.0 %;5.73 ms;PTT Metro de Sao Paulo - Nodo 3;;;;;
10/09/15 16:48;23.97 Mbit/s;22.45 Mbit/s;< 1 ms;< 1 ms;24.02 Mbit/s;23.34 Mbit/s;0.0 %;5.64 ms;PTT Metro de Sao Paulo - Nodo 1;;;;;
10/09/15 15:48;23.86 Mbit/s;24.28 Mbit/s;< 1 ms;< 1 ms;23.78 Mbit/s;24.25 Mbit/s;0.0 %;4.72 ms;PTT Metro de Sao Paulo - Nodo 4;;;;;
10/09/15 14:48;24.56 Mbit/s;23.43 Mbit/s;< 1 ms;< 1 ms;23.01 Mbit/s;23.79 Mbit/s;0.0 %;7.33 ms;PTT Metro de Sao Paulo - Nodo 3 - PIX ALOG Tambore;;;;;
10/09/15 13:48;18.47 Mbit/s;22.5 Mbit/s;< 1 ms;< 1 ms;19.56 Mbit/s;22.74 Mbit/s;0.0 %;4.63 ms;PTT Metro de Sao Paulo - Nodo 1;;;;;
10/09/15 12:48;21.84 Mbit/s;21.97 Mbit/s;< 1 ms;< 1 ms;21.93 Mbit/s;21.31 Mbit/s;0.0 %;8.82 ms;PTT Metro de Sao Paulo - Nodo 3;;;;;
10/09/15 11:48;23.91 Mbit/s;22.23 Mbit/s;< 1 ms;3.95 ms;24.0 Mbit/s;23.42 Mbit/s;0.0 %;5.19 ms;PTT Metro de Sao Paulo - Nodo 3 - PIX ALOG Tambore;;;;;
10/09/15 10:49;-;23.78 Mbit/s;< 1 ms;1.78 ms;-;-;0.0 %;5.22 ms;PTT Metro de Sao Paulo - Nodo 2 - PIX ALOG Tambore;;;;;
10/09/15 08:48;24.62 Mbit/s;24.56 Mbit/s;< 1 ms;< 1 ms;24.08 Mbit/s;23.42 Mbit/s;0.0 %;4.71 ms;PTT Metro de Sao Paulo - Nodo 3;;;;;
10/09/15 07:48;23.7 Mbit/s;22.09 Mbit/s;1.02 ms;1.07 ms;21.94 Mbit/s;23.34 Mbit/s;0.0 %;8.32 ms;PTT Metro de Sao Paulo - Nodo 4;;;;;
10/09/15 06:48;24.78 Mbit/s;22.87 Mbit/s;< 1 ms;1.12 ms;24.34 Mbit/s;23.32 Mbit/s;0.0 %;5.23 ms;PTT Metro de Sao Paulo - PIX ALOG Tambore;;;;;
10/09/15 05:48;25.05 Mbit/s;24.36 Mbit/s;< 1 ms;< 1 ms;24.42 Mbit/s;24.23 Mbit/s;0.0 %;4.81 ms;PTT Metro de Sao Paulo - Nodo 1;;;;;
10/09/15 04:48;-;24.51 Mbit/s;< 1 ms;< 1 ms;-;-;0.0 %;5.19 ms;PTT Metro de Sao Paulo - Nodo 2 - PIX ALOG Tambore;;;;;
10/09/15 03:48;25.0 Mbit/s;24.59 Mbit/s;< 1 ms;1.0 ms;24.29 Mbit/s;24.37 Mbit/s;0.0 %;5.2 ms;PTT Metro de Sao Paulo - PIX ALOG Tambore;;;;;
10/09/15 02:48;24.83 Mbit/s;24.61 Mbit/s;< 1 ms;< 1 ms;24.39 Mbit/s;24.41 Mbit/s;0.0 %;4.7 ms;PTT Metro de Sao Paulo - Nodo 2;;;;;
10/09/15 01:48;25.01 Mbit/s;24.5 Mbit/s;< 1 ms;< 1 ms;24.4 Mbit/s;23.36 Mbit/s;0.0 %;4.81 ms;PTT Metro de Sao Paulo - Nodo 1;;;;;
10/09/15 00:48;24.94 Mbit/s;24.56 Mbit/s;1.31 ms;1.3 ms;24.38 Mbit/s;24.4 Mbit/s;0.0 %;4.93 ms;PTT Metro de Sao Paulo - Nodo 3;;;;;
09/09/15 23:48;24.99 Mbit/s;22.63 Mbit/s;< 1 ms;< 1 ms;24.28 Mbit/s;23.71 Mbit/s;0.0 %;4.77 ms;PTT Metro de Sao Paulo - Nodo 4;;;;;
09/09/15 22:48;24.5 Mbit/s;24.37 Mbit/s;< 1 ms;< 1 ms;24.26 Mbit/s;23.01 Mbit/s;0.0 %;5.29 ms;PTT Metro de Sao Paulo - Nodo 3 - PIX ALOG Tambore;;;;;
09/09/15 21:49;24.86 Mbit/s;24.33 Mbit/s;< 1 ms;1.15 ms;24.22 Mbit/s;23.55 Mbit/s;0.0 %;5.49 ms;PTT Metro de Sao Paulo - Nodo 1;;;;;
09/09/15 19:48;16.99 Mbit/s;23.53 Mbit/s;< 1 ms;< 1 ms;18.53 Mbit/s;23.06 Mbit/s;0.0 %;5.66 ms;PTT Metro de Sao Paulo - Nodo 3;;;;;
09/09/15 18:48;23.58 Mbit/s;20.14 Mbit/s;< 1 ms;9.42 ms;23.96 Mbit/s;21.57 Mbit/s;0.67 %;7.56 ms;PTT Metro de Sao Paulo - Nodo 3 - PIX ALOG Tambore;;;;;
09/09/15 17:48;-;19.72 Mbit/s;< 1 ms;< 1 ms;-;-;2.07 %;12.59 ms;PTT Metro de Sao Paulo - Nodo 2 - PIX ALOG Tambore;;;;;
09/09/15 15:48;20.04 Mbit/s;19.93 Mbit/s;< 1 ms;3.39 ms;21.41 Mbit/s;21.23 Mbit/s;0.67 %;10.68 ms;PTT Metro de Sao Paulo - Nodo 3;;;;;
08/09/15 22:48;23.16 Mbit/s;24.42 Mbit/s;< 1 ms;< 1 ms;23.55 Mbit/s;23.77 Mbit/s;0.0 %;5.27 ms;PTT Metro de Sao Paulo - Nodo 4;;;;;
04/09/15 11:48;24.78 Mbit/s;24.43 Mbit/s;< 1 ms;< 1 ms;22.86 Mbit/s;23.98 Mbit/s;0.0 %;5.27 ms;PTT Metro de Sao Paulo - Nodo 3 - PIX ALOG Tambore;;;;;
04/09/15 10:48;24.06 Mbit/s;23.8 Mbit/s;< 1 ms;1.43 ms;24.0 Mbit/s;24.21 Mbit/s;0.0 %;4.71 ms;PTT Metro de Sao Paulo - Nodo 4;;;;;
04/09/15 09:49;21.75 Mbit/s;24.3 Mbit/s;< 1 ms;< 1 ms;22.21 Mbit/s;24.33 Mbit/s;0.0 %;4.55 ms;PTT Metro de Sao Paulo - Nodo 3;;;;;
04/09/15 08:48;23.57 Mbit/s;24.5 Mbit/s;< 1 ms;< 1 ms;23.92 Mbit/s;24.39 Mbit/s;0.0 %;5.8 ms;PTT Metro de Sao Paulo - Nodo 1;;;;;
04/09/15 08:48;58.31 Mbit/s;43.13 Mbit/s;< 1 ms;< 1 ms;61.02 Mbit/s;45.94 Mbit/s;0.0 %;4.73 ms;PTT Metro de Sao Paulo - Nodo 3;;;;;
04/09/15 07:48;22.43 Mbit/s;24.47 Mbit/s;< 1 ms;< 1 ms;21.87 Mbit/s;23.88 Mbit/s;0.0 %;4.86 ms;PTT Metro de Sao Paulo - Nodo 2;;;;;
04/09/15 06:48;21.81 Mbit/s;24.51 Mbit/s;< 1 ms;1.19 ms;23.01 Mbit/s;23.43 Mbit/s;0.0 %;10.77 ms;PTT Metro de Sao Paulo - Nodo 4;;;;;
04/09/15 06:48;-;42.94 Mbit/s;< 1 ms;< 1 ms;-;-;0.0 %;5.35 ms;PTT Metro de Sao Paulo - Nodo 2 - PIX ALOG Tambore;;;;;
04/09/15 05:48;24.84 Mbit/s;24.4 Mbit/s;< 1 ms;< 1 ms;24.22 Mbit/s;21.62 Mbit/s;0.0 %;6.22 ms;PTT Metro de Sao Paulo - Nodo 3 - PIX ALOG Tambore;;;;;
04/09/15 04:48;25.05 Mbit/s;24.5 Mbit/s;1.03 ms;< 1 ms;24.23 Mbit/s;24.39 Mbit/s;0.0 %;4.68 ms;PTT Metro de Sao Paulo - Nodo 1;;;;;
04/09/15 04:48;60.73 Mbit/s;43.2 Mbit/s;< 1 ms;< 1 ms;61.96 Mbit/s;45.86 Mbit/s;0.0 %;4.58 ms;PTT Metro de Sao Paulo - Nodo 3;;;;;
04/09/15 03:48;25.03 Mbit/s;24.47 Mbit/s;< 1 ms;1.35 ms;24.26 Mbit/s;24.4 Mbit/s;0.0 %;5.3 ms;PTT Metro de Sao Paulo - Nodo 3 - PIX ALOG Tambore;;;;;
04/09/15 02:48;25.12 Mbit/s;24.48 Mbit/s;< 1 ms;< 1 ms;24.3 Mbit/s;24.29 Mbit/s;0.0 %;4.86 ms;PTT Metro de Sao Paulo - Nodo 1;;;;;
04/09/15 01:48;24.97 Mbit/s;24.53 Mbit/s;1.14 ms;1.86 ms;24.3 Mbit/s;24.34 Mbit/s;0.0 %;4.89 ms;PTT Metro de Sao Paulo - Nodo 2;;;;;
03/09/15 23:48;24.97 Mbit/s;24.56 Mbit/s;< 1 ms;1.07 ms;23.96 Mbit/s;24.42 Mbit/s;0.0 %;4.77 ms;PTT Metro de Sao Paulo - Nodo 3;;;;;
03/09/15 22:48;24.41 Mbit/s;24.46 Mbit/s;1.1 ms;< 1 ms;23.81 Mbit/s;23.96 Mbit/s;0.0 %;5.15 ms;PTT Metro de Sao Paulo - PIX ALOG Tambore;;;;;
03/09/15 21:48;23.88 Mbit/s;23.75 Mbit/s;< 1 ms;< 1 ms;23.9 Mbit/s;24.0 Mbit/s;0.0 %;5.67 ms;PTT Metro de Sao Paulo - Nodo 2;;;;;
03/09/15 20:48;22.61 Mbit/s;24.48 Mbit/s;< 1 ms;< 1 ms;23.48 Mbit/s;24.35 Mbit/s;0.0 %;4.77 ms;PTT Metro de Sao Paulo - Nodo 4;;;;;
03/09/15 19:48;18.22 Mbit/s;19.74 Mbit/s;5.56 ms;5.44 ms;16.26 Mbit/s;20.04 Mbit/s;0.0 %;4.69 ms;PTT Metro de Sao Paulo - Nodo 3;;;;;
03/09/15 17:48;20.31 Mbit/s;23.05 Mbit/s;< 1 ms;< 1 ms;21.84 Mbit/s;22.76 Mbit/s;0.0 %;6.58 ms;PTT Metro de Sao Paulo - Nodo 2;;;;;
03/09/15 15:48;16.21 Mbit/s;24.44 Mbit/s;6.26 ms;4.11 ms;17.77 Mbit/s;23.37 Mbit/s;0.0 %;6.39 ms;PTT Metro de Sao Paulo - Nodo 3 - PIX ALOG Tambore;;;;;
03/09/15 14:48;-;24.49 Mbit/s;1.01 ms;< 1 ms;67.2 kbit/s;24.38 Mbit/s;0.0 %;5.45 ms;PTT Metro de Sao Paulo - Nodo 2 - PIX ALOG Tambore;;;;;
03/09/15 13:48;24.67 Mbit/s;20.62 Mbit/s;5.06 ms;< 1 ms;24.06 Mbit/s;22.1 Mbit/s;0.0 %;6.8 ms;PTT Metro de Sao Paulo - PIX ALOG Tambore;;;;;
03/09/15 12:48;19.59 Mbit/s;23.76 Mbit/s;< 1 ms;< 1 ms;21.39 Mbit/s;21.16 Mbit/s;0.0 %;5.75 ms;PTT Metro de Sao Paulo - Nodo 4;;;;;
03/09/15 11:48;-;24.39 Mbit/s;6.45 ms;< 1 ms;-;-;0.0 %;7.21 ms;PTT Metro de Sao Paulo - Nodo 2 - PIX ALOG Tambore;;;;;
03/09/15 10:48;24.63 Mbit/s;23.81 Mbit/s;< 1 ms;< 1 ms;24.13 Mbit/s;24.22 Mbit/s;0.0 %;5.25 ms;PTT Metro de Sao Paulo - PIX ALOG Tambore;;;;;
03/09/15 09:48;21.4 Mbit/s;24.52 Mbit/s;< 1 ms;< 1 ms;22.52 Mbit/s;23.51 Mbit/s;0.0 %;11.03 ms;PTT Metro de Curitiba;;;;;
03/09/15 08:48;22.29 Mbit/s;24.52 Mbit/s;< 1 ms;< 1 ms;23.33 Mbit/s;24.38 Mbit/s;0.0 %;5.71 ms;PTT Metro de Sao Paulo - Nodo 2;;;;;
03/09/15 07:48;23.38 Mbit/s;20.6 Mbit/s;< 1 ms;< 1 ms;22.89 Mbit/s;21.18 Mbit/s;0.67 %;4.66 ms;PTT Metro de Sao Paulo - Nodo 4;;;;;
03/09/15 06:48;22.01 Mbit/s;24.44 Mbit/s;< 1 ms;11.14 ms;22.19 Mbit/s;22.08 Mbit/s;0.0 %;6.82 ms;PTT Metro de Sao Paulo - PIX ALOG Tambore;;;;;
03/09/15 05:48;24.37 Mbit/s;24.57 Mbit/s;< 1 ms;< 1 ms;24.08 Mbit/s;24.14 Mbit/s;0.0 %;5.08 ms;PTT Metro de Sao Paulo - Nodo 3 - PIX ALOG Tambore;;;;;
03/09/15 04:48;24.81 Mbit/s;24.43 Mbit/s;< 1 ms;< 1 ms;24.31 Mbit/s;24.38 Mbit/s;0.0 %;4.75 ms;PTT Metro de Sao Paulo - Nodo 3;;;;;
03/09/15 03:48;20.72 Mbit/s;24.52 Mbit/s;< 1 ms;< 1 ms;22.26 Mbit/s;24.4 Mbit/s;0.0 %;5.19 ms;PTT Metro de Sao Paulo - Nodo 3 - PIX ALOG Tambore;;;;;
03/09/15 02:48;24.97 Mbit/s;24.42 Mbit/s;< 1 ms;< 1 ms;24.38 Mbit/s;24.37 Mbit/s;0.0 %;4.78 ms;PTT Metro de Sao Paulo - Nodo 1;;;;;
03/09/15 01:48;24.73 Mbit/s;24.48 Mbit/s;< 1 ms;< 1 ms;24.24 Mbit/s;24.38 Mbit/s;0.0 %;5.04 ms;PTT Metro de Sao Paulo - Nodo 4;;;;;
03/09/15 00:48;25.02 Mbit/s;21.54 Mbit/s;< 1 ms;< 1 ms;24.41 Mbit/s;22.96 Mbit/s;0.0 %;4.73 ms;PTT Metro de Sao Paulo - Nodo 3;;;;;
02/09/15 23:48;23.52 Mbit/s;24.5 Mbit/s;< 1 ms;< 1 ms;23.94 Mbit/s;24.37 Mbit/s;0.0 %;4.7 ms;PTT Metro de Sao Paulo - Nodo 2;;;;;
02/09/15 22:48;23.55 Mbit/s;24.52 Mbit/s;< 1 ms;2.28 ms;23.95 Mbit/s;23.29 Mbit/s;0.0 %;4.77 ms;PTT Metro de Sao Paulo - Nodo 1;;;;;
02/09/15 21:48;20.52 Mbit/s;23.6 Mbit/s;< 1 ms;1.12 ms;21.71 Mbit/s;23.18 Mbit/s;0.0 %;5.2 ms;PTT Metro de Sao Paulo - Nodo 3 - PIX ALOG Tambore;;;;;
02/09/15 20:48;24.97 Mbit/s;22.1 Mbit/s;< 1 ms;< 1 ms;24.12 Mbit/s;23.37 Mbit/s;0.0 %;4.76 ms;PTT Metro de Sao Paulo - Nodo 3;;;;;
02/09/15 19:48;20.86 Mbit/s;20.04 Mbit/s;< 1 ms;< 1 ms;22.2 Mbit/s;20.24 Mbit/s;0.0 %;5.16 ms;PTT Metro de Sao Paulo - PIX ALOG Tambore;;;;;
02/09/15 18:48;24.64 Mbit/s;20.73 Mbit/s;< 1 ms;1.87 ms;24.02 Mbit/s;22.16 Mbit/s;0.0 %;14.28 ms;PTT Metro do Rio de Janeiro - Nodo 1;;;;;
02/09/15 17:48;22.39 Mbit/s;23.27 Mbit/s;< 1 ms;< 1 ms;22.78 Mbit/s;22.06 Mbit/s;0.0 %;4.81 ms;PTT Metro de Sao Paulo - Nodo 4;;;;;
02/09/15 15:48;23.38 Mbit/s;22.75 Mbit/s;< 1 ms;6.44 ms;23.02 Mbit/s;23.75 Mbit/s;0.0 %;5.36 ms;PTT Metro de Sao Paulo - Nodo 3 - PIX ALOG Tambore;;;;;
02/09/15 14:48;23.08 Mbit/s;20.37 Mbit/s;< 1 ms;< 1 ms;22.69 Mbit/s;20.52 Mbit/s;0.0 %;6.46 ms;PTT Metro de Sao Paulo - Nodo 1;;;;;
02/09/15 13:48;24.59 Mbit/s;19.85 Mbit/s;< 1 ms;2.07 ms;23.83 Mbit/s;21.28 Mbit/s;0.0 %;8.18 ms;PTT Metro de Sao Paulo - PIX ALOG Tambore;;;;;
02/09/15 12:48;19.76 Mbit/s;17.24 Mbit/s;< 1 ms;3.37 ms;21.12 Mbit/s;18.24 Mbit/s;0.0 %;7.59 ms;PTT Metro de Sao Paulo - Nodo 3;;;;;
02/09/15 11:48;-;22.5 Mbit/s;< 1 ms;< 1 ms;-;-;0.0 %;6.72 ms;PTT Metro de Sao Paulo - Nodo 2 - PIX ALOG Tambore;;;;;
02/09/15 10:48;21.33 Mbit/s;24.42 Mbit/s;8.09 ms;< 1 ms;22.45 Mbit/s;23.85 Mbit/s;0.0 %;4.74 ms;PTT Metro de Sao Paulo - Nodo 1;;;;;
02/09/15 09:48;23.16 Mbit/s;24.45 Mbit/s;< 1 ms;< 1 ms;23.71 Mbit/s;24.16 Mbit/s;0.0 %;5.28 ms;PTT Metro de Sao Paulo - Nodo 3 - PIX ALOG Tambore;;;;;
02/09/15 07:48;23.75 Mbit/s;24.47 Mbit/s;< 1 ms;< 1 ms;23.62 Mbit/s;23.96 Mbit/s;0.0 %;5.82 ms;PTT Metro de Sao Paulo - Nodo 1;;;;;
02/09/15 06:48;20.96 Mbit/s;20.01 Mbit/s;< 1 ms;2.06 ms;22.41 Mbit/s;20.35 Mbit/s;0.0 %;4.73 ms;PTT Metro de Sao Paulo - Nodo 4;;;;;
02/09/15 05:48;24.91 Mbit/s;24.5 Mbit/s;< 1 ms;< 1 ms;23.99 Mbit/s;24.4 Mbit/s;0.0 %;5.82 ms;PTT Metro de Sao Paulo - Nodo 3;;;;;
02/09/15 04:48;24.42 Mbit/s;24.36 Mbit/s;< 1 ms;< 1 ms;24.19 Mbit/s;24.32 Mbit/s;0.0 %;4.78 ms;PTT Metro de Sao Paulo - Nodo 2;;;;;
02/09/15 03:48;24.96 Mbit/s;24.53 Mbit/s;< 1 ms;< 1 ms;24.36 Mbit/s;24.41 Mbit/s;0.0 %;4.72 ms;PTT Metro de Sao Paulo - Nodo 1;;;;;
02/09/15 02:48;25.01 Mbit/s;24.34 Mbit/s;1.06 ms;1.71 ms;24.33 Mbit/s;24.37 Mbit/s;0.0 %;5.39 ms;PTT Metro de Sao Paulo - Nodo 3 - PIX ALOG Tambore;;;;;
02/09/15 00:48;24.55 Mbit/s;24.59 Mbit/s;< 1 ms;3.8 ms;24.26 Mbit/s;24.41 Mbit/s;0.0 %;4.89 ms;PTT Metro de Sao Paulo - Nodo 2;;;;;
01/09/15 23:48;23.31 Mbit/s;24.5 Mbit/s;< 1 ms;1.12 ms;23.78 Mbit/s;24.39 Mbit/s;0.0 %;5.2 ms;PTT Metro de Sao Paulo - Nodo 3 - PIX ALOG Tambore;;;;;
01/09/15 22:48;25.02 Mbit/s;23.83 Mbit/s;< 1 ms;1.28 ms;24.39 Mbit/s;24.22 Mbit/s;0.0 %;4.73 ms;PTT Metro de Sao Paulo - Nodo 4;;;;;
01/09/15 21:48;24.36 Mbit/s;23.41 Mbit/s;< 1 ms;21.72 ms;23.94 Mbit/s;23.8 Mbit/s;0.0 %;5.52 ms;PTT Metro de Sao Paulo - Nodo 3;;;;;
01/09/15 20:48;20.92 Mbit/s;23.29 Mbit/s;< 1 ms;5.56 ms;22.1 Mbit/s;22.97 Mbit/s;0.0 %;5.25 ms;PTT Metro de Sao Paulo - Nodo 3 - PIX ALOG Tambore;;;;;
01/09/15 19:48;24.82 Mbit/s;24.46 Mbit/s;< 1 ms;2.51 ms;24.1 Mbit/s;23.33 Mbit/s;0.0 %;11.97 ms;PTT Metro do Rio de Janeiro - Nodo 1;;;;;
01/09/15 18:48;21.73 Mbit/s;20.21 Mbit/s;< 1 ms;6.4 ms;22.34 Mbit/s;20.4 Mbit/s;0.0 %;4.55 ms;PTT Metro de Sao Paulo - Nodo 4;;;;;
01/09/15 17:48;21.29 Mbit/s;21.24 Mbit/s;< 1 ms;3.76 ms;22.75 Mbit/s;22.1 Mbit/s;0.0 %;4.63 ms;PTT Metro de Sao Paulo - Nodo 3;;;;;
01/09/15 16:48;21.14 Mbit/s;24.44 Mbit/s;< 1 ms;< 1 ms;22.23 Mbit/s;23.72 Mbit/s;0.0 %;4.73 ms;PTT Metro de Sao Paulo - Nodo 2;;;;;
01/09/15 15:48;8.61 Mbit/s;23.62 Mbit/s;6.91 ms;5.14 ms;9.28 Mbit/s;19.05 Mbit/s;0.0 %;9.4 ms;PTT Metro de Sao Paulo - Nodo 1;;;;;
01/09/15 14:48;23.43 Mbit/s;21.6 Mbit/s;6.61 ms;5.63 ms;23.78 Mbit/s;22.93 Mbit/s;0.0 %;7.54 ms;PTT Metro de Sao Paulo - Nodo 4;;;;;
01/09/15 13:48;19.26 Mbit/s;24.39 Mbit/s;1.17 ms;1.15 ms;20.56 Mbit/s;23.98 Mbit/s;0.0 %;4.75 ms;PTT Metro de Sao Paulo - Nodo 3;;;;;
01/09/15 12:48;13.6 Mbit/s;14.13 Mbit/s;8.61 ms;1.02 ms;13.07 Mbit/s;15.09 Mbit/s;0.0 %;7.04 ms;PTT Metro de Sao Paulo - PIX ALOG Tambore;;;;;
01/09/15 11:48;22.44 Mbit/s;23.33 Mbit/s;< 1 ms;< 1 ms;21.65 Mbit/s;24.01 Mbit/s;0.0 %;4.63 ms;PTT Metro de Sao Paulo - Nodo 1;;;;;
01/09/15 10:48;24.93 Mbit/s;24.55 Mbit/s;< 1 ms;< 1 ms;24.3 Mbit/s;24.13 Mbit/s;0.0 %;4.65 ms;PTT Metro de Sao Paulo - Nodo 4;;;;;
01/09/15 09:48;23.58 Mbit/s;24.35 Mbit/s;< 1 ms;< 1 ms;23.71 Mbit/s;24.26 Mbit/s;0.0 %;6.22 ms;PTT Metro de Sao Paulo - Nodo 3 - PIX ALOG Tambore;;;;;
01/09/15 07:48;24.98 Mbit/s;24.39 Mbit/s;< 1 ms;< 1 ms;24.21 Mbit/s;24.36 Mbit/s;0.0 %;4.63 ms;PTT Metro de Sao Paulo - Nodo 3;;;;;
01/09/15 06:48;24.96 Mbit/s;23.45 Mbit/s;< 1 ms;3.93 ms;24.43 Mbit/s;24.09 Mbit/s;0.0 %;4.51 ms;PTT Metro de Sao Paulo - Nodo 2;;;;;
01/09/15 05:48;24.0 Mbit/s;21.73 Mbit/s;< 1 ms;< 1 ms;23.71 Mbit/s;23.17 Mbit/s;0.0 %;4.88 ms;PTT Metro de Sao Paulo - Nodo 1;;;;;
01/09/15 04:48;25.01 Mbit/s;24.52 Mbit/s;< 1 ms;1.12 ms;24.29 Mbit/s;24.41 Mbit/s;0.0 %;4.84 ms;PTT Metro de Sao Paulo - Nodo 4;;;;;
01/09/15 03:48;25.01 Mbit/s;24.47 Mbit/s;< 1 ms;< 1 ms;24.35 Mbit/s;24.39 Mbit/s;0.0 %;4.75 ms;PTT Metro de Sao Paulo - Nodo 3;;;;;
01/09/15 01:48;25.03 Mbit/s;24.56 Mbit/s;< 1 ms;< 1 ms;24.25 Mbit/s;23.6 Mbit/s;0.0 %;4.59 ms;PTT Metro de Sao Paulo - Nodo 1;;;;;
01/09/15 00:48;25.0 Mbit/s;24.52 Mbit/s;< 1 ms;< 1 ms;24.33 Mbit/s;24.4 Mbit/s;0.0 %;4.62 ms;PTT Metro de Sao Paulo - Nodo 4;;;;;
31/08/15 23:48;23.16 Mbit/s;23.53 Mbit/s;< 1 ms;< 1 ms;23.33 Mbit/s;22.36 Mbit/s;0.0 %;4.62 ms;PTT Metro de Sao Paulo - Nodo 3;;;;;
31/08/15 22:48;24.63 Mbit/s;24.46 Mbit/s;6.26 ms;< 1 ms;24.17 Mbit/s;24.34 Mbit/s;0.0 %;5.58 ms;PTT Metro de Sao Paulo - Nodo 2;;;;;
31/08/15 21:48;24.89 Mbit/s;24.43 Mbit/s;< 1 ms;< 1 ms;24.21 Mbit/s;23.87 Mbit/s;0.0 %;4.77 ms;PTT Metro de Sao Paulo - Nodo 1;;;;;
31/08/15 20:48;15.15 Mbit/s;24.41 Mbit/s;< 1 ms;< 1 ms;16.51 Mbit/s;23.77 Mbit/s;0.0 %;4.5 ms;PTT Metro de Sao Paulo - Nodo 4;;;;;
31/08/15 19:48;-;22.74 Mbit/s;< 1 ms;1.92 ms;-;-;0.0 %;5.13 ms;PTT Metro de Sao Paulo - Nodo 2 - PIX ALOG Tambore;;;;;
31/08/15 18:48;22.95 Mbit/s;22.76 Mbit/s;< 1 ms;1.41 ms;23.58 Mbit/s;23.26 Mbit/s;0.0 %;4.8 ms;PTT Metro de Sao Paulo - Nodo 2;;;;;
31/08/15 17:48;18.99 Mbit/s;24.44 Mbit/s;< 1 ms;1.24 ms;20.66 Mbit/s;22.68 Mbit/s;0.0 %;6.93 ms;PTT Metro de Sao Paulo - Nodo 3 - PIX ALOG Tambore;;;;;
31/08/15 16:48;23.91 Mbit/s;24.5 Mbit/s;< 1 ms;< 1 ms;24.07 Mbit/s;23.62 Mbit/s;0.0 %;8.7 ms;PTT Metro de Sao Paulo - Nodo 4;;;;;
31/08/15 15:48;24.44 Mbit/s;24.45 Mbit/s;< 1 ms;< 1 ms;24.01 Mbit/s;23.44 Mbit/s;0.0 %;5.72 ms;PTT Metro de Sao Paulo - Nodo 3;;;;;
31/08/15 14:48;24.41 Mbit/s;24.4 Mbit/s;< 1 ms;< 1 ms;23.97 Mbit/s;23.99 Mbit/s;0.0 %;4.8 ms;PTT Metro de Sao Paulo - Nodo 2;;;;;
31/08/15 13:48;23.26 Mbit/s;24.41 Mbit/s;< 1 ms;< 1 ms;23.72 Mbit/s;24.36 Mbit/s;0.0 %;4.84 ms;PTT Metro de Sao Paulo - Nodo 1;;;;;
31/08/15 12:48;22.14 Mbit/s;23.26 Mbit/s;< 1 ms;< 1 ms;23.12 Mbit/s;23.24 Mbit/s;0.0 %;4.63 ms;PTT Metro de Sao Paulo - Nodo 4;;;;;
31/08/15 11:48;24.28 Mbit/s;24.0 Mbit/s;< 1 ms;< 1 ms;22.72 Mbit/s;24.19 Mbit/s;0.0 %;5.29 ms;PTT Metro de Sao Paulo - Nodo 3 - PIX ALOG Tambore;;;;;
31/08/15 10:48;23.62 Mbit/s;24.48 Mbit/s;< 1 ms;4.63 ms;23.81 Mbit/s;23.29 Mbit/s;0.0 %;4.79 ms;PTT Metro de Sao Paulo - Nodo 3;;;;;
31/08/15 09:48;24.9 Mbit/s;24.29 Mbit/s;< 1 ms;1.08 ms;24.18 Mbit/s;23.72 Mbit/s;0.0 %;4.72 ms;PTT Metro de Sao Paulo - Nodo 4;;;;;
31/08/15 08:48;23.9 Mbit/s;23.5 Mbit/s;< 1 ms;< 1 ms;24.01 Mbit/s;24.07 Mbit/s;0.0 %;5.96 ms;PTT Metro de Sao Paulo - Nodo 3 - PIX ALOG Tambore;;;;;
31/08/15 07:48;23.24 Mbit/s;23.03 Mbit/s;< 1 ms;< 1 ms;23.57 Mbit/s;23.83 Mbit/s;0.0 %;5.75 ms;PTT Metro de Sao Paulo - Nodo 1;;;;;
31/08/15 06:48;24.98 Mbit/s;23.47 Mbit/s;5.09 ms;< 1 ms;23.76 Mbit/s;22.65 Mbit/s;0.0 %;8.67 ms;PTT Metro de Sao Paulo - Nodo 3;;;;;
31/08/15 05:48;24.85 Mbit/s;24.55 Mbit/s;< 1 ms;< 1 ms;24.34 Mbit/s;24.41 Mbit/s;0.0 %;5.18 ms;PTT Metro de Sao Paulo - Nodo 3 - PIX ALOG Tambore;;;;;
31/08/15 04:48;-;24.41 Mbit/s;< 1 ms;< 1 ms;-;-;0.0 %;5.2 ms;PTT Metro de Sao Paulo - Nodo 2 - PIX ALOG Tambore;;;;;
31/08/15 03:48;25.03 Mbit/s;24.49 Mbit/s;< 1 ms;< 1 ms;23.99 Mbit/s;24.4 Mbit/s;0.0 %;4.65 ms;PTT Metro de Sao Paulo - Nodo 1;;;;;
31/08/15 02:48;23.67 Mbit/s;24.53 Mbit/s;< 1 ms;< 1 ms;23.87 Mbit/s;24.04 Mbit/s;0.0 %;4.62 ms;PTT Metro de Sao Paulo - Nodo 3;;;;;
31/08/15 01:48;25.01 Mbit/s;24.42 Mbit/s;< 1 ms;< 1 ms;24.81 Mbit/s;24.24 Mbit/s;0.0 %;4.66 ms;PTT Metro de Sao Paulo - Nodo 4;;;;;
31/08/15 00:48;25.03 Mbit/s;24.44 Mbit/s;< 1 ms;1.22 ms;24.37 Mbit/s;24.38 Mbit/s;0.0 %;4.69 ms;PTT Metro de Sao Paulo - Nodo 2;;;;;
30/08/15 23:48;25.02 Mbit/s;24.43 Mbit/s;< 1 ms;< 1 ms;24.17 Mbit/s;23.83 Mbit/s;0.0 %;4.68 ms;PTT Metro de Sao Paulo - Nodo 1;;;;;
30/08/15 22:48;24.94 Mbit/s;24.61 Mbit/s;< 1 ms;< 1 ms;23.92 Mbit/s;24.4 Mbit/s;0.0 %;6.0 ms;PTT Metro de Sao Paulo - Nodo 3;;;;;
30/08/15 21:48;23.94 Mbit/s;24.48 Mbit/s;< 1 ms;< 1 ms;24.03 Mbit/s;23.58 Mbit/s;0.0 %;4.6 ms;PTT Metro de Sao Paulo - Nodo 4;;;;;
30/08/15 20:48;24.74 Mbit/s;24.39 Mbit/s;2.42 ms;< 1 ms;24.2 Mbit/s;22.72 Mbit/s;0.0 %;7.11 ms;PTT Metro de Sao Paulo - Nodo 2;;;;;
30/08/15 19:48;24.97 Mbit/s;24.53 Mbit/s;< 1 ms;< 1 ms;24.37 Mbit/s;24.41 Mbit/s;0.0 %;4.65 ms;PTT Metro de Sao Paulo - Nodo 1;;;;;
30/08/15 18:48;23.86 Mbit/s;24.47 Mbit/s;< 1 ms;< 1 ms;23.78 Mbit/s;24.04 Mbit/s;0.0 %;8.38 ms;PTT Metro de Sao Paulo - Nodo 3;;;;;
30/08/15 17:48;24.94 Mbit/s;24.55 Mbit/s;< 1 ms;< 1 ms;24.3 Mbit/s;22.93 Mbit/s;0.0 %;17.15 ms;PTT Metro de Goiania;;;;;
30/08/15 16:48;21.87 Mbit/s;24.08 Mbit/s;< 1 ms;< 1 ms;23.15 Mbit/s;22.14 Mbit/s;0.0 %;4.56 ms;PTT Metro de Sao Paulo - Nodo 2;;;;;
30/08/15 15:48;22.94 Mbit/s;21.25 Mbit/s;< 1 ms;< 1 ms;23.32 Mbit/s;22.24 Mbit/s;0.0 %;4.65 ms;PTT Metro de Sao Paulo - Nodo 1;;;;;
30/08/15 14:48;22.11 Mbit/s;24.57 Mbit/s;< 1 ms;< 1 ms;23.15 Mbit/s;24.42 Mbit/s;0.0 %;4.68 ms;PTT Metro de Sao Paulo - Nodo 3;;;;;
30/08/15 13:48;24.19 Mbit/s;23.45 Mbit/s;< 1 ms;< 1 ms;23.82 Mbit/s;23.95 Mbit/s;0.0 %;4.6 ms;PTT Metro de Sao Paulo - Nodo 4;;;;;
30/08/15 12:48;24.16 Mbit/s;24.48 Mbit/s;< 1 ms;< 1 ms;24.01 Mbit/s;23.94 Mbit/s;0.0 %;4.66 ms;PTT Metro de Sao Paulo - Nodo 3;;;;;
30/08/15 11:48;23.78 Mbit/s;22.33 Mbit/s;< 1 ms;< 1 ms;23.86 Mbit/s;22.86 Mbit/s;0.0 %;8.66 ms;PTT Metro de Sao Paulo - Nodo 2;;;;;
30/08/15 10:48;23.81 Mbit/s;24.54 Mbit/s;< 1 ms;1.95 ms;24.02 Mbit/s;24.37 Mbit/s;0.0 %;7.01 ms;PTT Metro de Sao Paulo - Nodo 1;;;;;
30/08/15 09:48;24.3 Mbit/s;24.19 Mbit/s;< 1 ms;< 1 ms;24.11 Mbit/s;24.14 Mbit/s;0.67 %;79.22 ms;PTT Metro de Sao Paulo - Nodo 4;;;;;
30/08/15 08:48;24.93 Mbit/s;24.41 Mbit/s;< 1 ms;< 1 ms;24.39 Mbit/s;23.7 Mbit/s;0.0 %;4.52 ms;PTT Metro de Sao Paulo - Nodo 3;;;;;
30/08/15 07:48;24.78 Mbit/s;24.44 Mbit/s;< 1 ms;< 1 ms;24.22 Mbit/s;24.38 Mbit/s;0.0 %;4.81 ms;PTT Metro de Sao Paulo - Nodo 2;;;;;
30/08/15 06:48;25.02 Mbit/s;24.57 Mbit/s;1.83 ms;< 1 ms;24.14 Mbit/s;24.31 Mbit/s;0.0 %;5.44 ms;PTT Metro de Sao Paulo - Nodo 1;;;;;
30/08/15 05:48;24.04 Mbit/s;24.59 Mbit/s;< 1 ms;< 1 ms;24.03 Mbit/s;24.42 Mbit/s;0.0 %;4.74 ms;PTT Metro de Sao Paulo - Nodo 4;;;;;
30/08/15 04:48;23.15 Mbit/s;24.49 Mbit/s;< 1 ms;< 1 ms;23.66 Mbit/s;24.39 Mbit/s;0.0 %;4.59 ms;PTT Metro de Sao Paulo - Nodo 3;;;;;
30/08/15 03:48;25.01 Mbit/s;24.46 Mbit/s;< 1 ms;1.17 ms;24.34 Mbit/s;24.4 Mbit/s;0.0 %;4.86 ms;PTT Metro de Sao Paulo - Nodo 2;;;;;
30/08/15 02:48;25.03 Mbit/s;24.43 Mbit/s;< 1 ms;< 1 ms;24.09 Mbit/s;24.36 Mbit/s;0.0 %;4.73 ms;PTT Metro de Sao Paulo - Nodo 1;;;;;
30/08/15 01:48;25.0 Mbit/s;24.5 Mbit/s;< 1 ms;< 1 ms;24.34 Mbit/s;22.95 Mbit/s;0.0 %;4.64 ms;PTT Metro de Sao Paulo - Nodo 4;;;;;
30/08/15 00:48;22.22 Mbit/s;24.55 Mbit/s;< 1 ms;< 1 ms;23.34 Mbit/s;24.38 Mbit/s;0.0 %;5.18 ms;PTT Metro de Sao Paulo - PIX ALOG Tambore;;;;;
30/08/15 00:48;44.26 Mbit/s;43.24 Mbit/s;< 1 ms;< 1 ms;48.48 Mbit/s;46.07 Mbit/s;0.0 %;4.7 ms;PTT Metro de Sao Paulo - Nodo 2;;;;;
29/08/15 23:48;25.02 Mbit/s;24.51 Mbit/s;< 1 ms;< 1 ms;24.33 Mbit/s;24.0 Mbit/s;0.0 %;5.24 ms;PTT Metro de Sao Paulo - Nodo 3 - PIX ALOG Tambore;;;;;
29/08/15 22:48;24.96 Mbit/s;24.53 Mbit/s;< 1 ms;1.01 ms;23.51 Mbit/s;23.32 Mbit/s;0.0 %;4.68 ms;PTT Metro de Sao Paulo - Nodo 1;;;;;
29/08/15 22:48;47.06 Mbit/s;42.2 Mbit/s;1.7 ms;1.45 ms;48.16 Mbit/s;44.82 Mbit/s;0.0 %;4.84 ms;PTT Metro de Sao Paulo - Nodo 4;;;;;
29/08/15 21:48;24.18 Mbit/s;24.44 Mbit/s;< 1 ms;6.98 ms;23.94 Mbit/s;24.36 Mbit/s;0.0 %;6.54 ms;PTT Metro de Sao Paulo - Nodo 4;;;;;
29/08/15 20:48;50.75 Mbit/s;41.6 Mbit/s;< 1 ms;1.42 ms;55.79 Mbit/s;44.23 Mbit/s;0.0 %;5.35 ms;PTT Metro de Sao Paulo - Nodo 3 - PIX ALOG Tambore;;;;;
29/08/15 20:48;23.97 Mbit/s;24.49 Mbit/s;< 1 ms;< 1 ms;23.74 Mbit/s;23.89 Mbit/s;0.0 %;6.64 ms;PTT Metro de Sao Paulo - Nodo 3;;;;;
29/08/15 19:48;23.48 Mbit/s;22.28 Mbit/s;< 1 ms;< 1 ms;23.65 Mbit/s;22.16 Mbit/s;0.0 %;4.56 ms;PTT Metro de Sao Paulo - Nodo 2;;;;;
29/08/15 17:48;23.58 Mbit/s;24.41 Mbit/s;1.87 ms;< 1 ms;23.83 Mbit/s;23.06 Mbit/s;0.0 %;5.11 ms;PTT Metro de Sao Paulo - Nodo 3 - PIX ALOG Tambore;;;;;
29/08/15 16:48;24.73 Mbit/s;23.74 Mbit/s;< 1 ms;< 1 ms;24.11 Mbit/s;22.91 Mbit/s;2.07 %;6.21 ms;PTT Metro de Sao Paulo - Nodo 3;;;;;
29/08/15 15:48;24.94 Mbit/s;24.48 Mbit/s;< 1 ms;4.1 ms;24.03 Mbit/s;23.53 Mbit/s;0.0 %;5.13 ms;PTT Metro de Sao Paulo - PIX ALOG Tambore;;;;;
29/08/15 14:48;24.92 Mbit/s;21.61 Mbit/s;< 1 ms;< 1 ms;24.29 Mbit/s;22.65 Mbit/s;0.0 %;7.49 ms;PTT Metro de Sao Paulo - Nodo 1;;;;;
29/08/15 14:48;44.28 Mbit/s;47.44 Mbit/s;< 1 ms;< 1 ms;43.58 Mbit/s;50.16 Mbit/s;0.0 %;4.56 ms;PTT Metro de Sao Paulo - Nodo 4;;;;;
29/08/15 13:48;-;24.4 Mbit/s;< 1 ms;< 1 ms;67.2 kbit/s;23.9 Mbit/s;0.0 %;4.69 ms;PTT Metro de Sao Paulo - Nodo 4;;;;;
29/08/15 12:48;23.08 Mbit/s;21.58 Mbit/s;< 1 ms;< 1 ms;24.41 Mbit/s;22.25 Mbit/s;0.0 %;5.16 ms;PTT Metro de Sao Paulo - PIX ALOG Tambore;;;;;
29/08/15 11:48;20.42 Mbit/s;24.37 Mbit/s;< 1 ms;< 1 ms;22.1 Mbit/s;24.36 Mbit/s;0.0 %;4.7 ms;PTT Metro de Sao Paulo - Nodo 4;;;;;
29/08/15 10:48;21.71 Mbit/s;23.22 Mbit/s;< 1 ms;5.28 ms;22.79 Mbit/s;23.89 Mbit/s;0.0 %;5.1 ms;PTT Metro de Sao Paulo - PIX ALOG Tambore;;;;;
29/08/15 09:48;24.96 Mbit/s;24.46 Mbit/s;< 1 ms;< 1 ms;24.13 Mbit/s;24.18 Mbit/s;0.0 %;4.61 ms;PTT Metro de Sao Paulo - Nodo 2;;;;;
29/08/15 08:48;24.7 Mbit/s;21.48 Mbit/s;< 1 ms;2.69 ms;24.28 Mbit/s;22.89 Mbit/s;0.0 %;7.59 ms;PTT Metro de Sao Paulo - Nodo 1;;;;;
29/08/15 08:48;49.58 Mbit/s;42.43 Mbit/s;< 1 ms;< 1 ms;53.98 Mbit/s;45.27 Mbit/s;0.0 %;4.78 ms;PTT Metro de Sao Paulo - Nodo 2;;;;;
29/08/15 07:48;22.59 Mbit/s;24.29 Mbit/s;< 1 ms;< 1 ms;23.48 Mbit/s;24.15 Mbit/s;0.0 %;4.97 ms;PTT Metro de Sao Paulo - Nodo 4;;;;;
29/08/15 06:48;23.85 Mbit/s;24.3 Mbit/s;< 1 ms;< 1 ms;23.93 Mbit/s;24.32 Mbit/s;0.0 %;5.09 ms;PTT Metro de Sao Paulo - Nodo 3 - PIX ALOG Tambore;;;;;
29/08/15 05:48;23.72 Mbit/s;23.7 Mbit/s;< 1 ms;< 1 ms;23.94 Mbit/s;23.38 Mbit/s;0.0 %;4.71 ms;PTT Metro de Sao Paulo - Nodo 2;;;;;
29/08/15 04:48;22.05 Mbit/s;24.47 Mbit/s;< 1 ms;2.29 ms;23.32 Mbit/s;24.39 Mbit/s;0.0 %;4.76 ms;PTT Metro de Sao Paulo - Nodo 1;;;;;
29/08/15 03:48;24.35 Mbit/s;24.43 Mbit/s;< 1 ms;< 1 ms;24.23 Mbit/s;24.38 Mbit/s;0.0 %;4.61 ms;PTT Metro de Sao Paulo - Nodo 4;;;;;
29/08/15 02:48;24.93 Mbit/s;23.92 Mbit/s;< 1 ms;< 1 ms;24.23 Mbit/s;23.5 Mbit/s;0.0 %;4.67 ms;PTT Metro de Sao Paulo - Nodo 3;;;;;
29/08/15 01:48;24.39 Mbit/s;24.49 Mbit/s;< 1 ms;< 1 ms;24.26 Mbit/s;24.12 Mbit/s;0.0 %;5.11 ms;PTT Metro de Sao Paulo - PIX ALOG Tambore;;;;;
29/08/15 00:48;24.9 Mbit/s;24.53 Mbit/s;< 1 ms;< 1 ms;23.91 Mbit/s;24.41 Mbit/s;0.0 %;5.13 ms;PTT Metro de Sao Paulo - Nodo 3 - PIX ALOG Tambore;;;;;
28/08/15 23:48;24.97 Mbit/s;24.35 Mbit/s;< 1 ms;< 1 ms;24.54 Mbit/s;23.13 Mbit/s;0.0 %;4.84 ms;PTT Metro de Sao Paulo - Nodo 4;;;;;
28/08/15 22:48;20.74 Mbit/s;22.73 Mbit/s;< 1 ms;< 1 ms;22.45 Mbit/s;23.77 Mbit/s;0.0 %;4.65 ms;PTT Metro de Sao Paulo - Nodo 3;;;;;
28/08/15 21:48;21.1 Mbit/s;24.18 Mbit/s;3.89 ms;< 1 ms;22.56 Mbit/s;24.18 Mbit/s;0.0 %;8.45 ms;PTT Metro de Sao Paulo - Nodo 3 - PIX ALOG Tambore;;;;;
28/08/15 20:48;22.87 Mbit/s;24.51 Mbit/s;< 1 ms;1.2 ms;23.6 Mbit/s;23.68 Mbit/s;0.0 %;15.83 ms;PTT Metro de Sao Paulo - Nodo 1;;;;;
28/08/15 18:48;22.37 Mbit/s;20.5 Mbit/s;< 1 ms;1.09 ms;23.13 Mbit/s;20.89 Mbit/s;0.0 %;4.75 ms;PTT Metro de Sao Paulo - Nodo 3;;;;;
28/08/15 17:48;19.53 Mbit/s;24.41 Mbit/s;< 1 ms;1.93 ms;20.85 Mbit/s;22.25 Mbit/s;0.0 %;4.69 ms;PTT Metro de Sao Paulo - Nodo 2;;;;;
28/08/15 16:48;24.24 Mbit/s;22.29 Mbit/s;6.8 ms;< 1 ms;24.05 Mbit/s;23.17 Mbit/s;0.0 %;12.09 ms;PTT Metro de Sao Paulo - PIX ALOG Tambore;;;;;
28/08/15 15:48;23.12 Mbit/s;24.45 Mbit/s;< 1 ms;< 1 ms;23.34 Mbit/s;24.05 Mbit/s;0.0 %;5.22 ms;PTT Metro de Sao Paulo - Nodo 3 - PIX ALOG Tambore;;;;;
28/08/15 14:48;24.24 Mbit/s;24.36 Mbit/s;< 1 ms;< 1 ms;23.7 Mbit/s;23.64 Mbit/s;0.0 %;5.08 ms;PTT Metro de Sao Paulo - PIX ALOG Tambore;;;;;
28/08/15 10:48;20.41 Mbit/s;24.18 Mbit/s;< 1 ms;1.71 ms;22.16 Mbit/s;22.17 Mbit/s;0.0 %;6.65 ms;PTT Metro de Sao Paulo - Nodo 2 - PIX ALOG Tambore;;;;;
28/08/15 09:48;21.86 Mbit/s;24.54 Mbit/s;< 1 ms;3.99 ms;22.72 Mbit/s;23.91 Mbit/s;0.0 %;4.5 ms;PTT Metro de Sao Paulo - Nodo 2;;;;;
28/08/15 08:48;22.8 Mbit/s;22.63 Mbit/s;< 1 ms;< 1 ms;23.36 Mbit/s;22.73 Mbit/s;0.0 %;4.65 ms;PTT Metro de Sao Paulo - Nodo 3;;;;;
28/08/15 07:48;23.57 Mbit/s;23.51 Mbit/s;< 1 ms;3.16 ms;23.78 Mbit/s;24.07 Mbit/s;0.0 %;4.58 ms;PTT Metro de Sao Paulo - Nodo 4;;;;;
28/08/15 06:48;24.23 Mbit/s;24.5 Mbit/s;< 1 ms;< 1 ms;23.95 Mbit/s;23.96 Mbit/s;0.0 %;4.56 ms;PTT Metro de Sao Paulo - Nodo 1;;;;;
28/08/15 05:48;25.01 Mbit/s;24.51 Mbit/s;< 1 ms;< 1 ms;24.41 Mbit/s;23.04 Mbit/s;0.0 %;4.73 ms;PTT Metro de Sao Paulo - Nodo 2;;;;;
28/08/15 04:48;25.11 Mbit/s;24.51 Mbit/s;< 1 ms;< 1 ms;24.06 Mbit/s;24.41 Mbit/s;0.0 %;5.16 ms;PTT Metro de Sao Paulo - PIX ALOG Tambore;;;;;
28/08/15 03:48;25.04 Mbit/s;24.53 Mbit/s;< 1 ms;< 1 ms;24.21 Mbit/s;24.4 Mbit/s;0.0 %;4.62 ms;PTT Metro de Sao Paulo - Nodo 4;;;;;
28/08/15 02:48;25.04 Mbit/s;24.61 Mbit/s;< 1 ms;< 1 ms;24.41 Mbit/s;24.42 Mbit/s;0.0 %;5.03 ms;PTT Metro de Sao Paulo - PIX ALOG Tambore;;;;;
28/08/15 01:48;24.74 Mbit/s;24.57 Mbit/s;< 1 ms;< 1 ms;24.29 Mbit/s;23.53 Mbit/s;0.0 %;4.5 ms;PTT Metro de Sao Paulo - Nodo 2;;;;;
28/08/15 00:48;25.01 Mbit/s;24.55 Mbit/s;< 1 ms;< 1 ms;24.22 Mbit/s;24.37 Mbit/s;0.0 %;4.73 ms;PTT Metro de Sao Paulo - Nodo 3;;;;;
27/08/15 23:48;24.55 Mbit/s;24.56 Mbit/s;< 1 ms;< 1 ms;24.22 Mbit/s;24.4 Mbit/s;0.0 %;4.78 ms;PTT Metro de Sao Paulo - Nodo 4;;;;;
27/08/15 22:48;24.24 Mbit/s;24.2 Mbit/s;< 1 ms;< 1 ms;24.05 Mbit/s;23.94 Mbit/s;0.0 %;4.38 ms;PTT Metro de Sao Paulo - Nodo 1;;;;;
27/08/15 21:48;22.35 Mbit/s;23.65 Mbit/s;< 1 ms;< 1 ms;23.03 Mbit/s;24.11 Mbit/s;0.0 %;4.57 ms;PTT Metro de Sao Paulo - Nodo 4;;;;;
27/08/15 20:48;24.76 Mbit/s;24.55 Mbit/s;< 1 ms;< 1 ms;24.52 Mbit/s;24.04 Mbit/s;0.0 %;5.02 ms;PTT Metro de Sao Paulo - PIX ALOG Tambore;;;;;
27/08/15 19:48;22.01 Mbit/s;23.42 Mbit/s;4.88 ms;1.77 ms;22.98 Mbit/s;23.7 Mbit/s;0.0 %;7.13 ms;PTT Metro de Sao Paulo - Nodo 3 - PIX ALOG Tambore;;;;;
27/08/15 18:48;24.31 Mbit/s;24.49 Mbit/s;< 1 ms;3.02 ms;23.85 Mbit/s;24.19 Mbit/s;0.0 %;5.28 ms;PTT Metro de Sao Paulo - Nodo 2 - PIX ALOG Tambore;;;;;
27/08/15 17:48;21.11 Mbit/s;24.5 Mbit/s;< 1 ms;< 1 ms;22.68 Mbit/s;23.55 Mbit/s;0.0 %;5.23 ms;PTT Metro de Sao Paulo - PIX ALOG Tambore;;;;;
27/08/15 16:48;23.7 Mbit/s;23.51 Mbit/s;< 1 ms;2.08 ms;23.67 Mbit/s;23.98 Mbit/s;0.67 %;5.03 ms;PTT Metro de Sao Paulo - Nodo 1;;;;;
27/08/15 15:48;24.8 Mbit/s;23.93 Mbit/s;< 1 ms;< 1 ms;24.19 Mbit/s;24.25 Mbit/s;0.0 %;4.9 ms;PTT Metro de Sao Paulo - Nodo 4;;;;;
27/08/15 14:48;24.76 Mbit/s;24.52 Mbit/s;< 1 ms;< 1 ms;24.01 Mbit/s;24.02 Mbit/s;0.0 %;5.43 ms;PTT Metro de Sao Paulo - Nodo 3;;;;;
27/08/15 13:48;24.95 Mbit/s;23.22 Mbit/s;< 1 ms;< 1 ms;24.38 Mbit/s;23.81 Mbit/s;0.0 %;4.68 ms;PTT Metro de Sao Paulo - Nodo 2;;;;;
27/08/15 12:48;8.67 Mbit/s;23.9 Mbit/s;< 1 ms;< 1 ms;9.44 Mbit/s;22.39 Mbit/s;0.0 %;5.06 ms;PTT Metro de Sao Paulo - Nodo 2 - PIX ALOG Tambore;;;;;
27/08/15 11:48;21.68 Mbit/s;24.42 Mbit/s;7.08 ms;< 1 ms;22.86 Mbit/s;24.29 Mbit/s;0.0 %;5.62 ms;PTT Metro de Sao Paulo - Nodo 4;;;;;
27/08/15 10:48;25.01 Mbit/s;24.49 Mbit/s;< 1 ms;< 1 ms;24.34 Mbit/s;24.37 Mbit/s;0.0 %;4.7 ms;PTT Metro de Sao Paulo - Nodo 3;;;;;
27/08/15 09:48;24.89 Mbit/s;24.51 Mbit/s;5.26 ms;1.32 ms;24.38 Mbit/s;24.39 Mbit/s;0.0 %;6.5 ms;PTT Metro de Sao Paulo - Nodo 2;;;;;
27/08/15 08:48;22.79 Mbit/s;24.44 Mbit/s;< 1 ms;< 1 ms;23.62 Mbit/s;24.25 Mbit/s;0.0 %;5.22 ms;PTT Metro de Sao Paulo - PIX ALOG Tambore;;;;;
27/08/15 06:48;24.52 Mbit/s;24.45 Mbit/s;< 1 ms;< 1 ms;24.11 Mbit/s;22.58 Mbit/s;0.0 %;4.54 ms;PTT Metro de Sao Paulo - Nodo 4;;;;;
27/08/15 05:48;24.94 Mbit/s;24.5 Mbit/s;< 1 ms;< 1 ms;23.84 Mbit/s;24.39 Mbit/s;0.0 %;4.65 ms;PTT Metro de Sao Paulo - Nodo 1;;;;;
27/08/15 04:48;24.98 Mbit/s;24.39 Mbit/s;< 1 ms;< 1 ms;24.36 Mbit/s;24.37 Mbit/s;0.0 %;5.15 ms;PTT Metro de Sao Paulo - Nodo 3 - PIX ALOG Tambore;;;;;
27/08/15 03:48;24.97 Mbit/s;24.49 Mbit/s;< 1 ms;< 1 ms;24.34 Mbit/s;24.33 Mbit/s;0.0 %;4.72 ms;PTT Metro de Sao Paulo - Nodo 2;;;;;
27/08/15 02:48;25.13 Mbit/s;24.43 Mbit/s;< 1 ms;< 1 ms;24.34 Mbit/s;24.38 Mbit/s;0.0 %;4.65 ms;PTT Metro de Sao Paulo - Nodo 1;;;;;
27/08/15 01:48;24.96 Mbit/s;24.46 Mbit/s;< 1 ms;< 1 ms;24.05 Mbit/s;24.07 Mbit/s;0.0 %;4.68 ms;PTT Metro de Sao Paulo - Nodo 4;;;;;
27/08/15 00:48;25.0 Mbit/s;24.5 Mbit/s;5.12 ms;< 1 ms;24.34 Mbit/s;24.4 Mbit/s;0.0 %;4.99 ms;PTT Metro de Sao Paulo - PIX ALOG Tambore;;;;;
26/08/15 23:48;25.0 Mbit/s;24.5 Mbit/s;< 1 ms;< 1 ms;24.28 Mbit/s;24.35 Mbit/s;0.0 %;4.68 ms;PTT Metro de Sao Paulo - Nodo 3;;;;;
26/08/15 21:48;24.85 Mbit/s;22.92 Mbit/s;2.41 ms;5.76 ms;24.32 Mbit/s;23.3 Mbit/s;0.0 %;7.37 ms;PTT Metro de Sao Paulo - Nodo 4;;;;;
26/08/15 20:48;24.67 Mbit/s;24.34 Mbit/s;6.75 ms;5.53 ms;24.64 Mbit/s;24.26 Mbit/s;0.0 %;6.91 ms;PTT Metro de Sao Paulo - Nodo 2;;;;;
26/08/15 19:48;24.71 Mbit/s;23.39 Mbit/s;< 1 ms;< 1 ms;23.83 Mbit/s;23.65 Mbit/s;0.0 %;6.17 ms;PTT Metro de Sao Paulo - PIX ALOG Tambore;;;;;
26/08/15 18:48;23.1 Mbit/s;17.11 Mbit/s;< 1 ms;< 1 ms;23.24 Mbit/s;18.19 Mbit/s;0.0 %;9.74 ms;PTT Metro de Sao Paulo - Nodo 3 - PIX ALOG Tambore;;;;;
26/08/15 17:48;24.91 Mbit/s;24.39 Mbit/s;< 1 ms;< 1 ms;23.29 Mbit/s;24.12 Mbit/s;0.0 %;5.22 ms;PTT Metro de Sao Paulo - Nodo 2 - PIX ALOG Tambore;;;;;
26/08/15 16:48;23.55 Mbit/s;24.33 Mbit/s;< 1 ms;4.34 ms;23.44 Mbit/s;23.19 Mbit/s;0.0 %;5.48 ms;PTT Metro de Sao Paulo - PIX ALOG Tambore;;;;;
26/08/15 15:48;24.74 Mbit/s;24.41 Mbit/s;< 1 ms;4.43 ms;23.8 Mbit/s;23.98 Mbit/s;0.0 %;5.34 ms;PTT Metro de Sao Paulo - Nodo 3 - PIX ALOG Tambore;;;;;
26/08/15 14:48;16.63 Mbit/s;24.36 Mbit/s;< 1 ms;1.05 ms;18.28 Mbit/s;21.52 Mbit/s;0.0 %;4.7 ms;PTT Metro de Sao Paulo - Nodo 4;;;;;
26/08/15 13:48;22.21 Mbit/s;24.32 Mbit/s;< 1 ms;< 1 ms;22.88 Mbit/s;23.5 Mbit/s;0.0 %;5.68 ms;PTT Metro de Sao Paulo - Nodo 3;;;;;
26/08/15 12:48;24.94 Mbit/s;20.7 Mbit/s;< 1 ms;< 1 ms;24.27 Mbit/s;21.77 Mbit/s;0.0 %;5.64 ms;PTT Metro de Sao Paulo - Nodo 2;;;;;
26/08/15 11:48;22.0 Mbit/s;22.63 Mbit/s;< 1 ms;< 1 ms;23.03 Mbit/s;23.75 Mbit/s;0.0 %;4.75 ms;PTT Metro de Sao Paulo - Nodo 1;;;;;
26/08/15 10:48;23.16 Mbit/s;23.26 Mbit/s;< 1 ms;< 1 ms;23.64 Mbit/s;23.91 Mbit/s;0.0 %;5.02 ms;PTT Metro de Sao Paulo - PIX ALOG Tambore;;;;;
26/08/15 09:48;23.67 Mbit/s;24.47 Mbit/s;< 1 ms;< 1 ms;23.88 Mbit/s;23.62 Mbit/s;0.0 %;5.01 ms;PTT Metro de Sao Paulo - Nodo 3 - PIX ALOG Tambore;;;;;
26/08/15 07:48;23.82 Mbit/s;23.22 Mbit/s;< 1 ms;< 1 ms;23.58 Mbit/s;23.0 Mbit/s;0.0 %;4.43 ms;PTT Metro de Sao Paulo - Nodo 1;;;;;
26/08/15 06:48;24.3 Mbit/s;24.55 Mbit/s;< 1 ms;< 1 ms;24.14 Mbit/s;24.4 Mbit/s;0.0 %;4.67 ms;PTT Metro de Sao Paulo - Nodo 4;;;;;
26/08/15 05:48;24.63 Mbit/s;24.37 Mbit/s;< 1 ms;< 1 ms;24.27 Mbit/s;22.45 Mbit/s;0.0 %;4.84 ms;PTT Metro de Sao Paulo - Nodo 3;;;;;
26/08/15 04:48;25.02 Mbit/s;24.55 Mbit/s;< 1 ms;< 1 ms;24.29 Mbit/s;24.38 Mbit/s;0.0 %;4.54 ms;PTT Metro de Sao Paulo - Nodo 2;;;;;
26/08/15 03:48;24.93 Mbit/s;24.46 Mbit/s;< 1 ms;< 1 ms;24.37 Mbit/s;24.38 Mbit/s;0.0 %;4.8 ms;PTT Metro de Sao Paulo - Nodo 1;;;;;
26/08/15 02:48;24.98 Mbit/s;24.51 Mbit/s;< 1 ms;1.87 ms;24.2 Mbit/s;24.41 Mbit/s;0.0 %;4.51 ms;PTT Metro de Sao Paulo - Nodo 4;;;;;
26/08/15 01:48;24.88 Mbit/s;24.45 Mbit/s;< 1 ms;< 1 ms;24.32 Mbit/s;24.21 Mbit/s;0.0 %;4.83 ms;PTT Metro de Sao Paulo - Nodo 3;;;;;
26/08/15 00:48;24.96 Mbit/s;24.31 Mbit/s;< 1 ms;< 1 ms;24.03 Mbit/s;24.26 Mbit/s;0.0 %;4.94 ms;PTT Metro de Sao Paulo - Nodo 2 - PIX ALOG Tambore;;;;;
25/08/15 23:48;23.91 Mbit/s;24.51 Mbit/s;< 1 ms;3.02 ms;23.8 Mbit/s;24.39 Mbit/s;0.0 %;4.54 ms;PTT Metro de Sao Paulo - Nodo 1;;;;;
25/08/15 22:48;20.82 Mbit/s;24.23 Mbit/s;< 1 ms;< 1 ms;22.3 Mbit/s;24.33 Mbit/s;0.0 %;6.83 ms;PTT Metro de Sao Paulo - Nodo 3 - PIX ALOG Tambore;;;;;
25/08/15 21:48;25.0 Mbit/s;24.48 Mbit/s;< 1 ms;< 1 ms;24.09 Mbit/s;24.05 Mbit/s;0.0 %;4.59 ms;PTT Metro de Sao Paulo - Nodo 3;;;;;
25/08/15 19:48;23.27 Mbit/s;24.39 Mbit/s;54.81 ms;17.23 ms;24.18 Mbit/s;23.54 Mbit/s;0.0 %;199.13 ms;PTT Metro de Sao Paulo - Nodo 3 - PIX ALOG Tambore;;;;;
25/08/15 17:48;22.8 Mbit/s;24.53 Mbit/s;< 1 ms;3.61 ms;23.66 Mbit/s;24.4 Mbit/s;0.0 %;5.21 ms;PTT Metro de Sao Paulo - PIX ALOG Tambore;;;;;
25/08/15 16:48;25.04 Mbit/s;24.5 Mbit/s;< 1 ms;< 1 ms;23.18 Mbit/s;24.02 Mbit/s;0.0 %;4.72 ms;PTT Metro de Sao Paulo - Nodo 1;;;;;
25/08/15 15:48;24.92 Mbit/s;23.26 Mbit/s;< 1 ms;< 1 ms;24.25 Mbit/s;22.8 Mbit/s;0.0 %;12.34 ms;PTT Metro de Campinas;;;;;
25/08/15 13:48;24.31 Mbit/s;24.09 Mbit/s;< 1 ms;< 1 ms;24.02 Mbit/s;22.64 Mbit/s;0.0 %;4.59 ms;PTT Metro de Sao Paulo - Nodo 2;;;;;
25/08/15 12:48;23.38 Mbit/s;20.78 Mbit/s;6.45 ms;< 1 ms;23.36 Mbit/s;21.91 Mbit/s;0.0 %;6.1 ms;PTT Metro de Sao Paulo - Nodo 2 - PIX ALOG Tambore;;;;;
25/08/15 11:48;22.28 Mbit/s;24.58 Mbit/s;< 1 ms;< 1 ms;23.19 Mbit/s;24.38 Mbit/s;0.0 %;6.05 ms;PTT Metro de Sao Paulo - PIX ALOG Tambore;;;;;
25/08/15 09:48;16.7 Mbit/s;24.49 Mbit/s;< 1 ms;< 1 ms;18.06 Mbit/s;24.17 Mbit/s;0.0 %;4.66 ms;PTT Metro de Sao Paulo - Nodo 2;;;;;
25/08/15 08:48;24.51 Mbit/s;21.39 Mbit/s;< 1 ms;< 1 ms;24.07 Mbit/s;22.79 Mbit/s;0.0 %;6.22 ms;PTT Metro de Sao Paulo - PIX ALOG Tambore;;;;;
25/08/15 07:48;23.25 Mbit/s;24.5 Mbit/s;< 1 ms;4.39 ms;23.74 Mbit/s;24.38 Mbit/s;0.0 %;4.97 ms;PTT Metro de Sao Paulo - Nodo 3 - PIX ALOG Tambore;;;;;
25/08/15 06:48;23.15 Mbit/s;20.73 Mbit/s;< 1 ms;< 1 ms;23.55 Mbit/s;22.2 Mbit/s;0.0 %;5.68 ms;PTT Metro de Sao Paulo - Nodo 4;;;;;
25/08/15 05:48;22.58 Mbit/s;24.55 Mbit/s;< 1 ms;< 1 ms;23.46 Mbit/s;23.92 Mbit/s;0.0 %;5.12 ms;PTT Metro de Sao Paulo - PIX ALOG Tambore;;;;;
25/08/15 04:48;18.79 Mbit/s;24.52 Mbit/s;< 1 ms;< 1 ms;20.52 Mbit/s;24.4 Mbit/s;0.0 %;4.69 ms;PTT Metro de Sao Paulo - Nodo 1;;;;;
25/08/15 03:48;23.57 Mbit/s;24.45 Mbit/s;< 1 ms;< 1 ms;23.84 Mbit/s;24.38 Mbit/s;0.0 %;4.62 ms;PTT Metro de Sao Paulo - Nodo 3;;;;;
25/08/15 02:48;25.0 Mbit/s;24.54 Mbit/s;< 1 ms;< 1 ms;24.33 Mbit/s;23.59 Mbit/s;0.0 %;5.08 ms;PTT Metro de Sao Paulo - PIX ALOG Tambore;;;;;
25/08/15 01:48;25.0 Mbit/s;24.47 Mbit/s;< 1 ms;< 1 ms;24.34 Mbit/s;23.15 Mbit/s;0.0 %;4.75 ms;PTT Metro de Sao Paulo - Nodo 2;;;;;
25/08/15 00:48;24.02 Mbit/s;24.58 Mbit/s;< 1 ms;< 1 ms;23.96 Mbit/s;24.38 Mbit/s;0.0 %;4.67 ms;PTT Metro de Sao Paulo - Nodo 1;;;;;
24/08/15 23:48;24.82 Mbit/s;24.51 Mbit/s;< 1 ms;< 1 ms;24.24 Mbit/s;24.36 Mbit/s;0.0 %;4.72 ms;PTT Metro de Sao Paulo - Nodo 3;;;;;
24/08/15 22:48;21.62 Mbit/s;23.84 Mbit/s;< 1 ms;< 1 ms;22.75 Mbit/s;24.24 Mbit/s;0.0 %;4.65 ms;PTT Metro de Sao Paulo - Nodo 4;;;;;
24/08/15 21:48;22.24 Mbit/s;24.58 Mbit/s;< 1 ms;< 1 ms;23.37 Mbit/s;24.02 Mbit/s;0.0 %;4.72 ms;PTT Metro de Sao Paulo - Nodo 2;;;;;
24/08/15 20:48;24.93 Mbit/s;24.53 Mbit/s;< 1 ms;< 1 ms;24.17 Mbit/s;24.05 Mbit/s;0.0 %;4.74 ms;PTT Metro de Sao Paulo - Nodo 1;;;;;
24/08/15 19:48;22.3 Mbit/s;22.87 Mbit/s;< 1 ms;4.99 ms;23.38 Mbit/s;22.4 Mbit/s;0.0 %;5.22 ms;PTT Metro de Sao Paulo - Nodo 3 - PIX ALOG Tambore;;;;;
24/08/15 18:48;23.02 Mbit/s;24.32 Mbit/s;< 1 ms;< 1 ms;23.32 Mbit/s;23.15 Mbit/s;0.0 %;8.34 ms;PTT Metro de Sao Paulo - Nodo 4;;;;;
24/08/15 17:48;21.56 Mbit/s;23.4 Mbit/s;5.57 ms;< 1 ms;22.93 Mbit/s;23.86 Mbit/s;0.0 %;6.48 ms;PTT Metro de Sao Paulo - Nodo 3;;;;;
24/08/15 16:48;23.43 Mbit/s;24.45 Mbit/s;< 1 ms;< 1 ms;23.78 Mbit/s;24.33 Mbit/s;0.0 %;4.66 ms;PTT Metro de Sao Paulo - Nodo 2;;;;;
24/08/15 15:48;21.97 Mbit/s;23.63 Mbit/s;6.91 ms;1.57 ms;22.57 Mbit/s;24.02 Mbit/s;0.0 %;5.79 ms;PTT Metro de Sao Paulo - Nodo 1;;;;;
24/08/15 14:48;24.94 Mbit/s;21.35 Mbit/s;< 1 ms;< 1 ms;24.09 Mbit/s;22.78 Mbit/s;0.0 %;5.24 ms;PTT Metro de Sao Paulo - PIX ALOG Tambore;;;;;
24/08/15 13:48;21.45 Mbit/s;15.89 Mbit/s;< 1 ms;< 1 ms;22.83 Mbit/s;16.95 Mbit/s;0.0 %;4.69 ms;PTT Metro de Sao Paulo - Nodo 3;;;;;
24/08/15 12:48;23.5 Mbit/s;24.26 Mbit/s;< 1 ms;< 1 ms;23.45 Mbit/s;24.29 Mbit/s;0.0 %;8.61 ms;PTT Metro de Sao Paulo - Nodo 2;;;;;
24/08/15 11:48;23.92 Mbit/s;24.21 Mbit/s;6.16 ms;< 1 ms;23.8 Mbit/s;22.95 Mbit/s;0.0 %;101.7 ms;PTT Metro de Sao Paulo - Nodo 1;;;;;
24/08/15 10:48;23.12 Mbit/s;24.48 Mbit/s;6.81 ms;< 1 ms;23.35 Mbit/s;24.35 Mbit/s;0.0 %;5.65 ms;PTT Metro de Sao Paulo - Nodo 4;;;;;
24/08/15 09:48;24.97 Mbit/s;24.44 Mbit/s;7.24 ms;< 1 ms;24.31 Mbit/s;24.31 Mbit/s;0.0 %;5.77 ms;PTT Metro de Sao Paulo - Nodo 3;;;;;
24/08/15 08:48;22.11 Mbit/s;22.11 Mbit/s;1.16 ms;4.58 ms;23.2 Mbit/s;22.56 Mbit/s;0.0 %;4.61 ms;PTT Metro de Sao Paulo - Nodo 2;;;;;
24/08/15 07:48;24.15 Mbit/s;24.49 Mbit/s;< 1 ms;< 1 ms;23.94 Mbit/s;22.4 Mbit/s;0.0 %;4.76 ms;PTT Metro de Sao Paulo - Nodo 1;;;;;
24/08/15 06:48;24.67 Mbit/s;24.51 Mbit/s;< 1 ms;< 1 ms;24.11 Mbit/s;24.39 Mbit/s;0.0 %;5.68 ms;PTT Metro de Sao Paulo - Nodo 4;;;;;
24/08/15 05:48;24.98 Mbit/s;24.45 Mbit/s;< 1 ms;< 1 ms;24.36 Mbit/s;24.13 Mbit/s;0.0 %;4.53 ms;PTT Metro de Sao Paulo - Nodo 3;;;;;
24/08/15 04:48;24.98 Mbit/s;24.45 Mbit/s;< 1 ms;< 1 ms;24.41 Mbit/s;24.38 Mbit/s;0.0 %;5.06 ms;PTT Metro de Sao Paulo - Nodo 3 - PIX ALOG Tambore;;;;;
24/08/15 03:48;24.99 Mbit/s;24.52 Mbit/s;< 1 ms;< 1 ms;24.35 Mbit/s;24.4 Mbit/s;0.0 %;5.11 ms;PTT Metro de Sao Paulo - Nodo 2 - PIX ALOG Tambore;;;;;
24/08/15 02:48;25.01 Mbit/s;24.43 Mbit/s;< 1 ms;< 1 ms;24.36 Mbit/s;24.34 Mbit/s;0.0 %;4.62 ms;PTT Metro de Sao Paulo - Nodo 4;;;;;
24/08/15 01:48;25.01 Mbit/s;24.39 Mbit/s;< 1 ms;< 1 ms;24.37 Mbit/s;24.37 Mbit/s;0.0 %;5.11 ms;PTT Metro de Sao Paulo - Nodo 3 - PIX ALOG Tambore;;;;;
24/08/15 00:48;24.72 Mbit/s;24.51 Mbit/s;< 1 ms;< 1 ms;24.27 Mbit/s;24.31 Mbit/s;0.0 %;4.58 ms;PTT Metro de Sao Paulo - Nodo 2;;;;;
23/08/15 23:48;25.0 Mbit/s;23.72 Mbit/s;< 1 ms;< 1 ms;24.35 Mbit/s;24.19 Mbit/s;0.0 %;5.09 ms;PTT Metro de Sao Paulo - PIX ALOG Tambore;;;;;
23/08/15 22:48;24.98 Mbit/s;24.52 Mbit/s;< 1 ms;1.9 ms;24.23 Mbit/s;24.4 Mbit/s;0.0 %;5.18 ms;PTT Metro de Sao Paulo - Nodo 3 - PIX ALOG Tambore;;;;;
23/08/15 21:48;24.9 Mbit/s;24.57 Mbit/s;< 1 ms;< 1 ms;23.87 Mbit/s;23.75 Mbit/s;0.0 %;4.66 ms;PTT Metro de Sao Paulo - Nodo 3;;;;;
23/08/15 20:48;24.96 Mbit/s;22.94 Mbit/s;8.75 ms;< 1 ms;23.84 Mbit/s;23.86 Mbit/s;0.0 %;5.8 ms;PTT Metro de Sao Paulo - Nodo 2;;;;;
23/08/15 19:48;24.95 Mbit/s;24.47 Mbit/s;< 1 ms;1.07 ms;24.2 Mbit/s;24.4 Mbit/s;0.0 %;4.77 ms;PTT Metro de Sao Paulo - Nodo 1;;;;;
23/08/15 18:48;21.46 Mbit/s;24.48 Mbit/s;< 1 ms;< 1 ms;22.8 Mbit/s;23.4 Mbit/s;0.0 %;5.13 ms;PTT Metro de Sao Paulo - Nodo 2 - PIX ALOG Tambore;;;;;
23/08/15 17:48;20.73 Mbit/s;23.55 Mbit/s;< 1 ms;< 1 ms;22.07 Mbit/s;23.15 Mbit/s;0.0 %;5.06 ms;PTT Metro de Sao Paulo - PIX ALOG Tambore;;;;;
23/08/15 16:48;24.35 Mbit/s;24.42 Mbit/s;< 1 ms;1.52 ms;24.0 Mbit/s;24.36 Mbit/s;0.0 %;5.08 ms;PTT Metro de Sao Paulo - Nodo 3 - PIX ALOG Tambore;;;;;
23/08/15 15:48;25.02 Mbit/s;21.71 Mbit/s;< 1 ms;< 1 ms;24.31 Mbit/s;21.7 Mbit/s;0.0 %;4.82 ms;PTT Metro de Sao Paulo - Nodo 1;;;;;
23/08/15 14:48;24.71 Mbit/s;24.46 Mbit/s;< 1 ms;< 1 ms;24.25 Mbit/s;24.37 Mbit/s;0.0 %;4.59 ms;PTT Metro de Sao Paulo - Nodo 4;;;;;
23/08/15 13:48;23.29 Mbit/s;23.67 Mbit/s;< 1 ms;< 1 ms;23.67 Mbit/s;23.96 Mbit/s;0.0 %;4.55 ms;PTT Metro de Sao Paulo - Nodo 3;;;;;
23/08/15 11:48;23.49 Mbit/s;24.44 Mbit/s;< 1 ms;< 1 ms;23.5 Mbit/s;23.94 Mbit/s;0.0 %;5.13 ms;PTT Metro de Sao Paulo - PIX ALOG Tambore;;;;;
23/08/15 10:48;21.74 Mbit/s;24.5 Mbit/s;< 1 ms;< 1 ms;23.01 Mbit/s;24.36 Mbit/s;0.0 %;4.59 ms;PTT Metro de Sao Paulo - Nodo 4;;;;;
23/08/15 09:48;23.31 Mbit/s;22.63 Mbit/s;< 1 ms;< 1 ms;23.67 Mbit/s;23.64 Mbit/s;0.0 %;7.1 ms;PTT Metro de Sao Paulo - PIX ALOG Tambore;;;;;
23/08/15 08:48;20.78 Mbit/s;24.53 Mbit/s;< 1 ms;< 1 ms;22.4 Mbit/s;23.97 Mbit/s;0.0 %;5.04 ms;PTT Metro de Sao Paulo - PIX ALOG Tambore;;;;;
23/08/15 07:48;25.08 Mbit/s;23.76 Mbit/s;< 1 ms;< 1 ms;24.22 Mbit/s;24.2 Mbit/s;0.0 %;4.62 ms;PTT Metro de Sao Paulo - Nodo 1;;;;;
23/08/15 05:48;24.04 Mbit/s;24.57 Mbit/s;< 1 ms;< 1 ms;23.84 Mbit/s;24.04 Mbit/s;0.0 %;4.75 ms;PTT Metro de Sao Paulo - Nodo 3;;;;;
23/08/15 04:48;24.13 Mbit/s;24.36 Mbit/s;< 1 ms;< 1 ms;23.82 Mbit/s;23.96 Mbit/s;0.0 %;4.57 ms;PTT Metro de Sao Paulo - Nodo 2;;;;;
23/08/15 02:48;23.94 Mbit/s;24.58 Mbit/s;< 1 ms;< 1 ms;23.93 Mbit/s;24.0 Mbit/s;0.0 %;5.07 ms;PTT Metro de Sao Paulo - PIX ALOG Tambore;;;;;
23/08/15 01:48;25.0 Mbit/s;24.56 Mbit/s;< 1 ms;< 1 ms;24.59 Mbit/s;24.41 Mbit/s;0.0 %;4.69 ms;PTT Metro de Sao Paulo - Nodo 3;;;;;
22/08/15 22:48;21.26 Mbit/s;24.46 Mbit/s;< 1 ms;1.21 ms;22.62 Mbit/s;24.38 Mbit/s;0.0 %;4.64 ms;PTT Metro de Sao Paulo - Nodo 4;;;;;
22/08/15 21:48;24.57 Mbit/s;23.0 Mbit/s;< 1 ms;< 1 ms;24.21 Mbit/s;23.77 Mbit/s;0.0 %;6.17 ms;PTT Metro de Sao Paulo - Nodo 2 - PIX ALOG Tambore;;;;;
22/08/15 20:48;24.95 Mbit/s;21.61 Mbit/s;< 1 ms;< 1 ms;24.81 Mbit/s;23.01 Mbit/s;0.0 %;5.05 ms;PTT Metro de Sao Paulo - PIX ALOG Tambore;;;;;
22/08/15 19:48;24.59 Mbit/s;24.38 Mbit/s;< 1 ms;5.02 ms;24.25 Mbit/s;24.35 Mbit/s;0.0 %;5.17 ms;PTT Metro de Sao Paulo - Nodo 3 - PIX ALOG Tambore;;;;;
22/08/15 18:48;24.9 Mbit/s;24.28 Mbit/s;< 1 ms;1.39 ms;24.11 Mbit/s;24.26 Mbit/s;0.67 %;4.53 ms;PTT Metro de Sao Paulo - Nodo 4;;;;;
22/08/15 17:48;22.21 Mbit/s;24.31 Mbit/s;< 1 ms;< 1 ms;22.59 Mbit/s;23.62 Mbit/s;0.0 %;5.13 ms;PTT Metro de Sao Paulo - PIX ALOG Tambore;;;;;
22/08/15 16:48;14.59 Mbit/s;17.36 Mbit/s;< 1 ms;4.59 ms;14.43 Mbit/s;18.25 Mbit/s;0.0 %;6.55 ms;PTT Metro de Sao Paulo - Nodo 2;;;;;
22/08/15 15:48;23.94 Mbit/s;21.38 Mbit/s;< 1 ms;< 1 ms;23.98 Mbit/s;22.81 Mbit/s;0.0 %;5.57 ms;PTT Metro de Sao Paulo - Nodo 1;;;;;
22/08/15 14:48;23.29 Mbit/s;22.72 Mbit/s;< 1 ms;< 1 ms;23.1 Mbit/s;23.34 Mbit/s;0.0 %;8.09 ms;PTT Metro de Sao Paulo - PIX ALOG Tambore;;;;;
22/08/15 13:48;24.11 Mbit/s;22.49 Mbit/s;1.84 ms;< 1 ms;22.59 Mbit/s;23.41 Mbit/s;0.0 %;17.16 ms;PTT Metro do Rio de Janeiro - Nodo 1;;;;;
22/08/15 12:48;21.59 Mbit/s;24.4 Mbit/s;< 1 ms;1.01 ms;22.57 Mbit/s;24.2 Mbit/s;0.0 %;4.78 ms;PTT Metro de Sao Paulo - Nodo 2;;;;;
22/08/15 11:48;24.03 Mbit/s;22.71 Mbit/s;< 1 ms;< 1 ms;24.02 Mbit/s;23.32 Mbit/s;0.0 %;4.67 ms;PTT Metro de Sao Paulo - Nodo 1;;;;;
22/08/15 10:48;24.55 Mbit/s;24.39 Mbit/s;< 1 ms;< 1 ms;22.79 Mbit/s;24.19 Mbit/s;0.0 %;4.55 ms;PTT Metro de Sao Paulo - Nodo 4;;;;;
22/08/15 09:48;20.46 Mbit/s;24.35 Mbit/s;< 1 ms;< 1 ms;22.17 Mbit/s;23.25 Mbit/s;0.0 %;4.64 ms;PTT Metro de Sao Paulo - Nodo 3;;;;;
22/08/15 08:48;23.96 Mbit/s;24.44 Mbit/s;< 1 ms;< 1 ms;24.05 Mbit/s;24.38 Mbit/s;0.0 %;5.57 ms;PTT Metro de Sao Paulo - Nodo 2;;;;;
22/08/15 07:48;24.64 Mbit/s;22.61 Mbit/s;< 1 ms;< 1 ms;23.6 Mbit/s;23.71 Mbit/s;0.0 %;5.06 ms;PTT Metro de Sao Paulo - Nodo 2 - PIX ALOG Tambore;;;;;
22/08/15 06:48;24.17 Mbit/s;24.48 Mbit/s;< 1 ms;< 1 ms;23.99 Mbit/s;24.38 Mbit/s;0.0 %;5.13 ms;PTT Metro de Sao Paulo - PIX ALOG Tambore;;;;;
22/08/15 05:48;24.8 Mbit/s;24.33 Mbit/s;< 1 ms;< 1 ms;24.34 Mbit/s;24.1 Mbit/s;0.0 %;4.69 ms;PTT Metro de Sao Paulo - Nodo 3;;;;;
22/08/15 04:48;25.0 Mbit/s;24.52 Mbit/s;< 1 ms;< 1 ms;24.4 Mbit/s;24.39 Mbit/s;0.0 %;4.52 ms;PTT Metro de Sao Paulo - Nodo 2;;;;;
22/08/15 03:48;24.99 Mbit/s;24.48 Mbit/s;< 1 ms;< 1 ms;24.24 Mbit/s;24.36 Mbit/s;0.0 %;4.65 ms;PTT Metro de Sao Paulo - Nodo 1;;;;;
22/08/15 02:48;25.0 Mbit/s;24.52 Mbit/s;< 1 ms;< 1 ms;24.3 Mbit/s;24.39 Mbit/s;0.0 %;4.59 ms;PTT Metro de Sao Paulo - Nodo 4;;;;;
22/08/15 01:48;24.89 Mbit/s;24.44 Mbit/s;< 1 ms;< 1 ms;24.31 Mbit/s;24.33 Mbit/s;0.0 %;4.59 ms;PTT Metro de Sao Paulo - Nodo 3;;;;;
22/08/15 00:48;24.96 Mbit/s;24.43 Mbit/s;< 1 ms;< 1 ms;24.45 Mbit/s;23.95 Mbit/s;0.0 %;4.64 ms;PTT Metro de Sao Paulo - Nodo 2;;;;;
21/08/15 23:48;24.96 Mbit/s;24.28 Mbit/s;< 1 ms;< 1 ms;24.32 Mbit/s;24.24 Mbit/s;0.0 %;4.8 ms;PTT Metro de Sao Paulo - Nodo 1;;;;;
21/08/15 22:48;23.49 Mbit/s;24.42 Mbit/s;< 1 ms;< 1 ms;23.9 Mbit/s;23.63 Mbit/s;0.0 %;4.54 ms;PTT Metro de Sao Paulo - Nodo 4;;;;;
21/08/15 20:48;24.82 Mbit/s;21.32 Mbit/s;< 1 ms;< 1 ms;24.28 Mbit/s;22.73 Mbit/s;0.0 %;6.68 ms;PTT Metro de Sao Paulo - Nodo 2;;;;;
21/08/15 19:48;23.94 Mbit/s;23.59 Mbit/s;< 1 ms;< 1 ms;24.1 Mbit/s;23.13 Mbit/s;0.0 %;7.63 ms;PTT Metro de Sao Paulo - Nodo 1;;;;;
21/08/15 18:48;19.01 Mbit/s;20.87 Mbit/s;< 1 ms;2.23 ms;20.93 Mbit/s;21.12 Mbit/s;0.0 %;7.2 ms;PTT Metro de Sao Paulo - PIX ALOG Tambore;;;;;
21/08/15 17:48;20.31 Mbit/s;19.15 Mbit/s;< 1 ms;< 1 ms;22.09 Mbit/s;19.7 Mbit/s;0.0 %;5.2 ms;PTT Metro de Sao Paulo - Nodo 3 - PIX ALOG Tambore;;;;;
21/08/15 16:48;23.87 Mbit/s;23.64 Mbit/s;< 1 ms;< 1 ms;23.92 Mbit/s;22.73 Mbit/s;0.0 %;4.77 ms;PTT Metro de Sao Paulo - Nodo 4;;;;;
21/08/15 15:48;17.88 Mbit/s;24.45 Mbit/s;< 1 ms;3.4 ms;19.35 Mbit/s;23.93 Mbit/s;0.0 %;4.82 ms;PTT Metro de Sao Paulo - Nodo 1;;;;;
21/08/15 14:48;23.99 Mbit/s;24.43 Mbit/s;3.73 ms;< 1 ms;23.95 Mbit/s;23.35 Mbit/s;0.0 %;6.24 ms;PTT Metro de Sao Paulo - Nodo 2;;;;;
21/08/15 13:48;21.62 Mbit/s;22.77 Mbit/s;< 1 ms;< 1 ms;22.8 Mbit/s;23.53 Mbit/s;0.0 %;7.11 ms;PTT Metro de Sao Paulo - Nodo 2 - PIX ALOG Tambore;;;;;
21/08/15 12:48;15.01 Mbit/s;18.43 Mbit/s;< 1 ms;8.22 ms;16.42 Mbit/s;19.24 Mbit/s;0.0 %;11.94 ms;PTT Metro do Rio de Janeiro - Nodo 1;;;;;
21/08/15 11:48;24.91 Mbit/s;23.24 Mbit/s;< 1 ms;< 1 ms;24.21 Mbit/s;23.91 Mbit/s;0.0 %;4.85 ms;PTT Metro de Sao Paulo - Nodo 1;;;;;
21/08/15 10:48;24.57 Mbit/s;23.17 Mbit/s;< 1 ms;< 1 ms;24.19 Mbit/s;23.96 Mbit/s;0.0 %;4.67 ms;PTT Metro de Sao Paulo - Nodo 2;;;;;
21/08/15 08:48;24.53 Mbit/s;23.58 Mbit/s;< 1 ms;< 1 ms;24.22 Mbit/s;24.13 Mbit/s;0.0 %;6.57 ms;PTT Metro de Sao Paulo - Nodo 4;;;;;
21/08/15 07:48;24.84 Mbit/s;22.92 Mbit/s;< 1 ms;< 1 ms;24.35 Mbit/s;22.88 Mbit/s;0.0 %;4.67 ms;PTT Metro de Sao Paulo - Nodo 1;;;;;
21/08/15 06:48;24.98 Mbit/s;24.5 Mbit/s;< 1 ms;< 1 ms;23.01 Mbit/s;23.33 Mbit/s;0.0 %;4.59 ms;PTT Metro de Sao Paulo - Nodo 2;;;;;
21/08/15 05:48;24.94 Mbit/s;24.5 Mbit/s;< 1 ms;< 1 ms;24.36 Mbit/s;24.36 Mbit/s;0.0 %;4.64 ms;PTT Metro de Sao Paulo - Nodo 3;;;;;
21/08/15 04:48;25.01 Mbit/s;24.51 Mbit/s;< 1 ms;< 1 ms;24.29 Mbit/s;24.4 Mbit/s;0.0 %;4.52 ms;PTT Metro de Sao Paulo - Nodo 4;;;;;
21/08/15 03:48;23.25 Mbit/s;24.57 Mbit/s;< 1 ms;< 1 ms;23.7 Mbit/s;24.41 Mbit/s;0.0 %;4.78 ms;PTT Metro de Sao Paulo - Nodo 1;;;;;
21/08/15 02:48;25.09 Mbit/s;24.61 Mbit/s;< 1 ms;< 1 ms;24.3 Mbit/s;24.41 Mbit/s;0.0 %;5.02 ms;PTT Metro de Sao Paulo - Nodo 3 - PIX ALOG Tambore;;;;;
21/08/15 01:48;23.85 Mbit/s;24.48 Mbit/s;< 1 ms;< 1 ms;24.07 Mbit/s;24.22 Mbit/s;0.0 %;5.06 ms;PTT Metro de Sao Paulo - PIX ALOG Tambore;;;;;
21/08/15 00:48;18.61 Mbit/s;24.39 Mbit/s;< 1 ms;< 1 ms;20.45 Mbit/s;24.3 Mbit/s;0.0 %;5.23 ms;PTT Metro de Sao Paulo - Nodo 2 - PIX ALOG Tambore;;;;;
20/08/15 23:48;25.0 Mbit/s;24.6 Mbit/s;< 1 ms;< 1 ms;24.35 Mbit/s;24.36 Mbit/s;0.0 %;5.2 ms;PTT Metro de Sao Paulo - Nodo 3 - PIX ALOG Tambore;;;;;
20/08/15 21:48;24.37 Mbit/s;24.49 Mbit/s;< 1 ms;< 1 ms;24.07 Mbit/s;24.34 Mbit/s;0.0 %;4.64 ms;PTT Metro de Sao Paulo - Nodo 3;;;;;
20/08/15 20:48;24.23 Mbit/s;24.45 Mbit/s;< 1 ms;< 1 ms;23.75 Mbit/s;24.36 Mbit/s;0.0 %;5.7 ms;PTT Metro de Sao Paulo - Nodo 4;;;;;
20/08/15 19:48;23.54 Mbit/s;21.39 Mbit/s;< 1 ms;1.81 ms;22.94 Mbit/s;21.89 Mbit/s;0.0 %;6.71 ms;PTT Metro de Sao Paulo - Nodo 1;;;;;
20/08/15 18:48;21.09 Mbit/s;23.66 Mbit/s;< 1 ms;< 1 ms;22.96 Mbit/s;22.76 Mbit/s;0.0 %;5.23 ms;PTT Metro de Sao Paulo - Nodo 2 - PIX ALOG Tambore;;;;;
20/08/15 17:48;22.85 Mbit/s;24.39 Mbit/s;< 1 ms;< 1 ms;23.56 Mbit/s;23.91 Mbit/s;0.0 %;4.74 ms;PTT Metro de Sao Paulo - Nodo 2;;;;;
20/08/15 16:48;23.31 Mbit/s;24.59 Mbit/s;< 1 ms;< 1 ms;23.93 Mbit/s;23.5 Mbit/s;0.0 %;4.82 ms;PTT Metro de Sao Paulo - Nodo 1;;;;;
20/08/15 15:48;21.74 Mbit/s;24.5 Mbit/s;5.58 ms;< 1 ms;23.0 Mbit/s;24.31 Mbit/s;0.67 %;4.73 ms;PTT Metro de Sao Paulo - Nodo 4;;;;;
20/08/15 14:48;24.11 Mbit/s;24.39 Mbit/s;< 1 ms;< 1 ms;23.76 Mbit/s;24.31 Mbit/s;0.0 %;6.24 ms;PTT Metro de Sao Paulo - Nodo 3;;;;;
20/08/15 13:48;24.33 Mbit/s;23.44 Mbit/s;< 1 ms;< 1 ms;23.92 Mbit/s;22.72 Mbit/s;0.0 %;6.21 ms;PTT Metro de Sao Paulo - PIX ALOG Tambore;;;;;
20/08/15 12:48;17.19 Mbit/s;24.22 Mbit/s;1.34 ms;< 1 ms;18.81 Mbit/s;24.0 Mbit/s;0.0 %;4.74 ms;PTT Metro de Sao Paulo - Nodo 1;;;;;
20/08/15 11:48;24.56 Mbit/s;24.45 Mbit/s;< 1 ms;< 1 ms;24.14 Mbit/s;23.72 Mbit/s;0.0 %;4.52 ms;PTT Metro de Sao Paulo - Nodo 4;;;;;
20/08/15 10:48;22.74 Mbit/s;24.41 Mbit/s;< 1 ms;< 1 ms;23.88 Mbit/s;24.37 Mbit/s;0.0 %;5.13 ms;PTT Metro de Sao Paulo - PIX ALOG Tambore;;;;;
20/08/15 09:48;24.0 Mbit/s;24.52 Mbit/s;< 1 ms;< 1 ms;24.0 Mbit/s;24.04 Mbit/s;0.0 %;4.92 ms;PTT Metro de Sao Paulo - Nodo 2;;;;;
20/08/15 08:48;21.9 Mbit/s;24.34 Mbit/s;< 1 ms;< 1 ms;23.33 Mbit/s;23.53 Mbit/s;0.0 %;4.6 ms;PTT Metro de Sao Paulo - Nodo 1;;;;;
20/08/15 07:48;23.58 Mbit/s;24.43 Mbit/s;< 1 ms;1.81 ms;23.82 Mbit/s;24.07 Mbit/s;0.0 %;4.5 ms;PTT Metro de Sao Paulo - Nodo 4;;;;;
20/08/15 06:48;15.17 Mbit/s;22.19 Mbit/s;3.14 ms;< 1 ms;16.6 Mbit/s;22.76 Mbit/s;0.67 %;8.72 ms;PTT Metro de Sao Paulo - Nodo 3;;;;;
20/08/15 05:48;24.98 Mbit/s;24.37 Mbit/s;< 1 ms;< 1 ms;24.39 Mbit/s;24.13 Mbit/s;0.0 %;4.76 ms;PTT Metro de Sao Paulo - Nodo 2;;;;;
20/08/15 04:48;25.13 Mbit/s;23.98 Mbit/s;< 1 ms;< 1 ms;24.25 Mbit/s;24.26 Mbit/s;0.0 %;4.78 ms;PTT Metro de Sao Paulo - Nodo 1;;;;;
20/08/15 03:48;25.05 Mbit/s;24.51 Mbit/s;< 1 ms;< 1 ms;24.38 Mbit/s;24.32 Mbit/s;0.0 %;4.73 ms;PTT Metro de Sao Paulo - Nodo 4;;;;;
20/08/15 02:48;25.04 Mbit/s;24.44 Mbit/s;< 1 ms;< 1 ms;24.36 Mbit/s;24.2 Mbit/s;0.0 %;4.63 ms;PTT Metro de Sao Paulo - Nodo 3;;;;;
20/08/15 01:48;24.97 Mbit/s;24.5 Mbit/s;< 1 ms;< 1 ms;24.31 Mbit/s;24.04 Mbit/s;0.0 %;5.6 ms;PTT Metro de Sao Paulo - Nodo 2;;;;;
20/08/15 00:48;25.04 Mbit/s;24.53 Mbit/s;< 1 ms;< 1 ms;24.13 Mbit/s;24.39 Mbit/s;0.0 %;4.57 ms;PTT Metro de Sao Paulo - Nodo 1;;;;;
19/08/15 23:48;24.99 Mbit/s;24.47 Mbit/s;< 1 ms;< 1 ms;24.32 Mbit/s;24.35 Mbit/s;0.0 %;5.12 ms;PTT Metro de Sao Paulo - Nodo 3 - PIX ALOG Tambore;;;;;
19/08/15 22:48;25.01 Mbit/s;24.53 Mbit/s;< 1 ms;< 1 ms;23.98 Mbit/s;24.39 Mbit/s;0.0 %;5.17 ms;PTT Metro de Sao Paulo - PIX ALOG Tambore;;;;;
19/08/15 21:48;24.94 Mbit/s;24.26 Mbit/s;< 1 ms;< 1 ms;24.39 Mbit/s;24.1 Mbit/s;0.0 %;4.61 ms;PTT Metro de Sao Paulo - Nodo 2;;;;;
19/08/15 20:48;24.82 Mbit/s;23.91 Mbit/s;< 1 ms;< 1 ms;24.23 Mbit/s;23.75 Mbit/s;0.0 %;5.51 ms;PTT Metro de Sao Paulo - Nodo 3 - PIX ALOG Tambore;;;;;
19/08/15 19:48;23.99 Mbit/s;22.99 Mbit/s;< 1 ms;< 1 ms;24.08 Mbit/s;23.27 Mbit/s;0.0 %;5.57 ms;PTT Metro de Sao Paulo - Nodo 4;;;;;
19/08/15 18:48;21.1 Mbit/s;22.8 Mbit/s;< 1 ms;1.63 ms;20.97 Mbit/s;20.73 Mbit/s;0.0 %;5.14 ms;PTT Metro de Sao Paulo - Nodo 2 - PIX ALOG Tambore;;;;;
19/08/15 17:48;21.2 Mbit/s;17.0 Mbit/s;< 1 ms;6.64 ms;21.29 Mbit/s;17.34 Mbit/s;0.0 %;5.08 ms;PTT Metro de Sao Paulo - Nodo 3 - PIX ALOG Tambore;;;;;
19/08/15 16:48;20.98 Mbit/s;22.47 Mbit/s;< 1 ms;< 1 ms;22.37 Mbit/s;21.52 Mbit/s;0.0 %;4.78 ms;PTT Metro de Sao Paulo - Nodo 4;;;;;
19/08/15 15:49;24.94 Mbit/s;24.55 Mbit/s;< 1 ms;2.29 ms;25.01 Mbit/s;24.09 Mbit/s;0.0 %;4.67 ms;PTT Metro de Sao Paulo - Nodo 3;;;;;
19/08/15 14:48;20.06 Mbit/s;24.52 Mbit/s;< 1 ms;< 1 ms;21.54 Mbit/s;22.54 Mbit/s;0.0 %;4.65 ms;PTT Metro de Sao Paulo - Nodo 2;;;;;
19/08/15 12:48;13.77 Mbit/s;18.46 Mbit/s;< 1 ms;< 1 ms;14.73 Mbit/s;17.82 Mbit/s;0.0 %;8.84 ms;PTT Metro de Sao Paulo - Nodo 4;;;;;
19/08/15 11:48;24.01 Mbit/s;24.41 Mbit/s;< 1 ms;< 1 ms;23.73 Mbit/s;24.3 Mbit/s;0.0 %;4.65 ms;PTT Metro de Sao Paulo - Nodo 3;;;;;
19/08/15 10:48;24.5 Mbit/s;24.43 Mbit/s;< 1 ms;< 1 ms;24.02 Mbit/s;24.35 Mbit/s;0.0 %;5.1 ms;PTT Metro de Sao Paulo - PIX ALOG Tambore;;;;;
19/08/15 09:48;23.96 Mbit/s;24.23 Mbit/s;< 1 ms;< 1 ms;24.02 Mbit/s;23.35 Mbit/s;0.0 %;4.54 ms;PTT Metro de Sao Paulo - Nodo 1;;;;;
19/08/15 08:48;20.54 Mbit/s;23.55 Mbit/s;< 1 ms;< 1 ms;22.29 Mbit/s;23.76 Mbit/s;0.0 %;7.09 ms;PTT Metro de Sao Paulo - Nodo 2 - PIX ALOG Tambore;;;;;
19/08/15 07:48;23.19 Mbit/s;24.55 Mbit/s;< 1 ms;< 1 ms;22.6 Mbit/s;22.94 Mbit/s;0.0 %;16.29 ms;PTT Metro de Belo Horizonte;;;;;
19/08/15 06:48;23.89 Mbit/s;20.53 Mbit/s;< 1 ms;< 1 ms;23.9 Mbit/s;21.55 Mbit/s;0.0 %;4.7 ms;PTT Metro de Sao Paulo - Nodo 2;;;;;
19/08/15 05:48;24.96 Mbit/s;24.51 Mbit/s;< 1 ms;4.89 ms;24.32 Mbit/s;24.29 Mbit/s;0.0 %;4.54 ms;PTT Metro de Sao Paulo - Nodo 1;;;;;
19/08/15 04:48;24.97 Mbit/s;24.53 Mbit/s;< 1 ms;< 1 ms;24.37 Mbit/s;24.37 Mbit/s;0.0 %;4.75 ms;PTT Metro de Sao Paulo - Nodo 4;;;;;
19/08/15 03:48;24.46 Mbit/s;24.45 Mbit/s;< 1 ms;< 1 ms;24.21 Mbit/s;24.39 Mbit/s;0.0 %;4.64 ms;PTT Metro de Sao Paulo - Nodo 3;;;;;
19/08/15 02:48;25.01 Mbit/s;24.48 Mbit/s;< 1 ms;< 1 ms;24.34 Mbit/s;24.4 Mbit/s;0.0 %;4.55 ms;PTT Metro de Sao Paulo - Nodo 2;;;;;
19/08/15 01:48;25.05 Mbit/s;24.5 Mbit/s;< 1 ms;< 1 ms;24.41 Mbit/s;24.4 Mbit/s;0.0 %;5.02 ms;PTT Metro de Sao Paulo - PIX ALOG Tambore;;;;;
19/08/15 00:48;25.01 Mbit/s;24.28 Mbit/s;< 1 ms;< 1 ms;24.18 Mbit/s;24.36 Mbit/s;0.0 %;4.5 ms;PTT Metro de Sao Paulo - Nodo 4;;;;;
18/08/15 23:48;24.99 Mbit/s;24.53 Mbit/s;< 1 ms;< 1 ms;24.33 Mbit/s;24.04 Mbit/s;0.0 %;4.66 ms;PTT Metro de Sao Paulo - Nodo 3;;;;;
18/08/15 22:48;23.78 Mbit/s;24.45 Mbit/s;< 1 ms;< 1 ms;24.05 Mbit/s;24.14 Mbit/s;0.0 %;4.6 ms;PTT Metro de Sao Paulo - Nodo 2;;;;;
18/08/15 21:48;24.7 Mbit/s;23.43 Mbit/s;< 1 ms;< 1 ms;24.12 Mbit/s;22.89 Mbit/s;0.0 %;4.5 ms;PTT Metro de Sao Paulo - Nodo 1;;;;;
18/08/15 20:48;24.25 Mbit/s;24.54 Mbit/s;< 1 ms;< 1 ms;23.76 Mbit/s;24.38 Mbit/s;0.0 %;5.01 ms;PTT Metro de Sao Paulo - Nodo 2 - PIX ALOG Tambore;;;;;
18/08/15 19:48;21.43 Mbit/s;23.98 Mbit/s;< 1 ms;< 1 ms;22.74 Mbit/s;23.86 Mbit/s;0.0 %;4.47 ms;PTT Metro de Sao Paulo - Nodo 1;;;;;
18/08/15 18:48;24.42 Mbit/s;23.88 Mbit/s;< 1 ms;< 1 ms;23.54 Mbit/s;24.1 Mbit/s;0.0 %;7.52 ms;PTT Metro de Sao Paulo - Nodo 3;;;;;
18/08/15 17:48;24.11 Mbit/s;24.28 Mbit/s;6.7 ms;< 1 ms;23.97 Mbit/s;23.62 Mbit/s;0.0 %;14.51 ms;PTT Metro de Sao Paulo - Nodo 2;;;;;
18/08/15 16:48;22.67 Mbit/s;24.38 Mbit/s;< 1 ms;3.0 ms;22.96 Mbit/s;22.74 Mbit/s;0.0 %;5.2 ms;PTT Metro de Sao Paulo - PIX ALOG Tambore;;;;;
18/08/15 15:48;24.41 Mbit/s;24.45 Mbit/s;< 1 ms;< 1 ms;24.07 Mbit/s;24.0 Mbit/s;0.0 %;5.1 ms;PTT Metro de Sao Paulo - Nodo 3 - PIX ALOG Tambore;;;;;
18/08/15 13:48;23.13 Mbit/s;23.64 Mbit/s;< 1 ms;< 1 ms;23.7 Mbit/s;23.72 Mbit/s;0.0 %;5.61 ms;PTT Metro de Sao Paulo - Nodo 2;;;;;
18/08/15 12:48;18.63 Mbit/s;22.69 Mbit/s;< 1 ms;1.12 ms;19.89 Mbit/s;23.73 Mbit/s;0.0 %;4.75 ms;PTT Metro de Sao Paulo - Nodo 1;;;;;
18/08/15 11:48;24.75 Mbit/s;24.28 Mbit/s;< 1 ms;< 1 ms;24.33 Mbit/s;24.33 Mbit/s;0.0 %;4.6 ms;PTT Metro de Sao Paulo - Nodo 4;;;;;
18/08/15 10:48;24.78 Mbit/s;24.51 Mbit/s;< 1 ms;< 1 ms;23.97 Mbit/s;24.27 Mbit/s;0.0 %;5.13 ms;PTT Metro de Sao Paulo - Nodo 2 - PIX ALOG Tambore;;;;;
18/08/15 08:48;23.52 Mbit/s;24.42 Mbit/s;< 1 ms;2.17 ms;23.88 Mbit/s;24.01 Mbit/s;0.0 %;5.15 ms;PTT Metro de Sao Paulo - Nodo 3 - PIX ALOG Tambore;;;;;
18/08/15 07:48;24.85 Mbit/s;24.25 Mbit/s;< 1 ms;< 1 ms;24.29 Mbit/s;24.34 Mbit/s;0.0 %;7.02 ms;PTT Metro de Sao Paulo - Nodo 2 - PIX ALOG Tambore;;;;;
18/08/15 06:48;24.05 Mbit/s;24.41 Mbit/s;< 1 ms;< 1 ms;23.94 Mbit/s;23.57 Mbit/s;0.0 %;4.55 ms;PTT Metro de Sao Paulo - Nodo 3;;;;;
18/08/15 05:48;25.01 Mbit/s;24.13 Mbit/s;< 1 ms;< 1 ms;24.37 Mbit/s;23.98 Mbit/s;0.0 %;4.57 ms;PTT Metro de Sao Paulo - Nodo 2;;;;;
18/08/15 04:48;24.99 Mbit/s;24.37 Mbit/s;< 1 ms;< 1 ms;24.31 Mbit/s;24.3 Mbit/s;0.0 %;4.45 ms;PTT Metro de Sao Paulo - Nodo 1;;;;;
18/08/15 03:48;24.97 Mbit/s;24.22 Mbit/s;< 1 ms;1.18 ms;24.25 Mbit/s;23.23 Mbit/s;0.0 %;4.7 ms;PTT Metro de Sao Paulo - Nodo 4;;;;;
18/08/15 02:48;24.97 Mbit/s;24.52 Mbit/s;< 1 ms;< 1 ms;24.39 Mbit/s;24.41 Mbit/s;0.0 %;4.61 ms;PTT Metro de Sao Paulo - Nodo 3;;;;;
18/08/15 01:48;24.91 Mbit/s;24.39 Mbit/s;< 1 ms;< 1 ms;24.3 Mbit/s;24.16 Mbit/s;0.0 %;4.66 ms;PTT Metro de Sao Paulo - Nodo 2;;;;;
18/08/15 00:48;25.01 Mbit/s;24.49 Mbit/s;< 1 ms;< 1 ms;24.4 Mbit/s;24.4 Mbit/s;0.0 %;4.51 ms;PTT Metro de Sao Paulo - Nodo 1;;;;;
17/08/15 23:48;24.91 Mbit/s;24.14 Mbit/s;< 1 ms;< 1 ms;24.12 Mbit/s;23.62 Mbit/s;0.0 %;4.5 ms;PTT Metro de Sao Paulo - Nodo 4;;;;;
17/08/15 22:48;24.97 Mbit/s;24.25 Mbit/s;< 1 ms;< 1 ms;23.84 Mbit/s;24.31 Mbit/s;0.0 %;4.59 ms;PTT Metro de Sao Paulo - Nodo 3;;;;;
17/08/15 21:48;24.89 Mbit/s;22.86 Mbit/s;< 1 ms;< 1 ms;24.11 Mbit/s;22.43 Mbit/s;0.0 %;4.64 ms;PTT Metro de Sao Paulo - Nodo 2;;;;;
17/08/15 20:48;23.44 Mbit/s;23.43 Mbit/s;< 1 ms;< 1 ms;23.51 Mbit/s;24.04 Mbit/s;0.0 %;4.54 ms;PTT Metro de Sao Paulo - Nodo 1;;;;;
17/08/15 19:48;22.7 Mbit/s;24.31 Mbit/s;< 1 ms;< 1 ms;23.58 Mbit/s;24.33 Mbit/s;0.0 %;5.04 ms;PTT Metro de Sao Paulo - Nodo 2 - PIX ALOG Tambore;;;;;
17/08/15 18:48;24.1 Mbit/s;19.79 Mbit/s;< 1 ms;< 1 ms;23.57 Mbit/s;20.92 Mbit/s;0.0 %;6.06 ms;PTT Metro de Sao Paulo - PIX ALOG Tambore;;;;;
17/08/15 17:48;23.01 Mbit/s;23.57 Mbit/s;6.97 ms;1.32 ms;23.63 Mbit/s;23.18 Mbit/s;0.0 %;8.07 ms;PTT Metro de Sao Paulo - Nodo 3 - PIX ALOG Tambore;;;;;
17/08/15 16:48;24.05 Mbit/s;22.95 Mbit/s;6.19 ms;< 1 ms;24.03 Mbit/s;23.18 Mbit/s;0.0 %;10.82 ms;PTT Metro de Sao Paulo - Nodo 1;;;;;
17/08/15 15:48;23.19 Mbit/s;23.68 Mbit/s;< 1 ms;< 1 ms;23.69 Mbit/s;22.22 Mbit/s;0.0 %;5.61 ms;PTT Metro de Sao Paulo - Nodo 4;;;;;
17/08/15 14:48;22.25 Mbit/s;23.12 Mbit/s;< 1 ms;< 1 ms;23.36 Mbit/s;21.94 Mbit/s;0.0 %;4.64 ms;PTT Metro de Sao Paulo - Nodo 1;;;;;
17/08/15 13:48;23.07 Mbit/s;24.46 Mbit/s;5.78 ms;< 1 ms;23.45 Mbit/s;22.45 Mbit/s;0.0 %;6.67 ms;PTT Metro de Sao Paulo - Nodo 4;;;;;
17/08/15 12:48;21.14 Mbit/s;20.79 Mbit/s;7.62 ms;3.87 ms;19.99 Mbit/s;21.02 Mbit/s;0.0 %;8.54 ms;PTT Metro de Sao Paulo - Nodo 3;;;;;
17/08/15 11:48;20.2 Mbit/s;24.38 Mbit/s;< 1 ms;< 1 ms;21.93 Mbit/s;22.56 Mbit/s;0.0 %;5.46 ms;PTT Metro de Sao Paulo - Nodo 2 - PIX ALOG Tambore;;;;;
17/08/15 10:48;23.98 Mbit/s;23.76 Mbit/s;< 1 ms;< 1 ms;23.99 Mbit/s;22.95 Mbit/s;0.0 %;4.69 ms;PTT Metro de Sao Paulo - Nodo 1;;;;;
17/08/15 09:48;24.87 Mbit/s;24.43 Mbit/s;< 1 ms;1.09 ms;23.81 Mbit/s;22.57 Mbit/s;0.0 %;4.68 ms;PTT Metro de Sao Paulo - Nodo 4;;;;;
17/08/15 08:48;23.65 Mbit/s;24.46 Mbit/s;< 1 ms;< 1 ms;24.0 Mbit/s;21.76 Mbit/s;0.0 %;4.75 ms;PTT Metro de Sao Paulo - Nodo 3;;;;;
17/08/15 07:48;24.69 Mbit/s;21.59 Mbit/s;< 1 ms;< 1 ms;23.96 Mbit/s;22.82 Mbit/s;0.0 %;5.01 ms;PTT Metro de Sao Paulo - Nodo 2 - PIX ALOG Tambore;;;;;
17/08/15 06:48;24.92 Mbit/s;24.52 Mbit/s;< 1 ms;1.59 ms;24.35 Mbit/s;18.54 Mbit/s;0.0 %;4.46 ms;PTT Metro de Sao Paulo - Nodo 1;;;;;
17/08/15 05:48;24.85 Mbit/s;24.48 Mbit/s;7.31 ms;< 1 ms;24.35 Mbit/s;22.56 Mbit/s;0.0 %;5.15 ms;PTT Metro de Sao Paulo - Nodo 4;;;;;
17/08/15 04:48;25.02 Mbit/s;24.49 Mbit/s;< 1 ms;< 1 ms;24.42 Mbit/s;22.56 Mbit/s;0.0 %;5.17 ms;PTT Metro de Sao Paulo - Nodo 2 - PIX ALOG Tambore;;;;;
17/08/15 03:48;25.05 Mbit/s;24.51 Mbit/s;< 1 ms;< 1 ms;24.29 Mbit/s;22.51 Mbit/s;0.0 %;5.1 ms;PTT Metro de Sao Paulo - PIX ALOG Tambore;;;;;
17/08/15 02:48;24.99 Mbit/s;24.58 Mbit/s;< 1 ms;< 1 ms;24.29 Mbit/s;22.51 Mbit/s;0.0 %;4.75 ms;PTT Metro de Sao Paulo - Nodo 1;;;;;
17/08/15 01:48;24.94 Mbit/s;24.54 Mbit/s;< 1 ms;3.08 ms;24.4 Mbit/s;22.52 Mbit/s;0.0 %;4.73 ms;PTT Metro de Sao Paulo - Nodo 4;;;;;
16/08/15 23:48;25.02 Mbit/s;23.41 Mbit/s;< 1 ms;< 1 ms;24.35 Mbit/s;22.85 Mbit/s;0.0 %;5.54 ms;PTT Metro de Sao Paulo - Nodo 2;;;;;
16/08/15 22:48;24.86 Mbit/s;24.57 Mbit/s;< 1 ms;< 1 ms;24.37 Mbit/s;22.36 Mbit/s;0.0 %;4.74 ms;PTT Metro de Sao Paulo - Nodo 1;;;;;
16/08/15 20:48;22.49 Mbit/s;24.42 Mbit/s;< 1 ms;2.83 ms;23.32 Mbit/s;22.46 Mbit/s;0.0 %;4.64 ms;PTT Metro de Sao Paulo - Nodo 3;;;;;
16/08/15 19:48;25.01 Mbit/s;24.46 Mbit/s;< 1 ms;< 1 ms;24.32 Mbit/s;22.55 Mbit/s;0.0 %;9.64 ms;PTT Metro de Sao Paulo - Nodo 2;;;;;
16/08/15 17:48;23.83 Mbit/s;23.54 Mbit/s;< 1 ms;6.0 ms;23.48 Mbit/s;22.97 Mbit/s;0.0 %;4.86 ms;PTT Metro de Sao Paulo - Nodo 4;;;;;
16/08/15 16:48;22.95 Mbit/s;24.45 Mbit/s;< 1 ms;< 1 ms;23.41 Mbit/s;22.5 Mbit/s;0.0 %;4.63 ms;PTT Metro de Sao Paulo - Nodo 3;;;;;
16/08/15 15:48;24.3 Mbit/s;23.81 Mbit/s;< 1 ms;< 1 ms;24.16 Mbit/s;21.84 Mbit/s;0.0 %;5.59 ms;PTT Metro de Sao Paulo - Nodo 2;;;;;
16/08/15 14:48;24.1 Mbit/s;24.41 Mbit/s;< 1 ms;1.9 ms;23.58 Mbit/s;21.35 Mbit/s;0.0 %;5.6 ms;PTT Metro de Sao Paulo - Nodo 3;;;;;
16/08/15 13:48;21.75 Mbit/s;19.19 Mbit/s;< 1 ms;< 1 ms;22.62 Mbit/s;18.85 Mbit/s;0.0 %;4.55 ms;PTT Metro de Sao Paulo - Nodo 2;;;;;
16/08/15 12:48;24.63 Mbit/s;23.6 Mbit/s;< 1 ms;< 1 ms;23.7 Mbit/s;22.65 Mbit/s;0.0 %;4.66 ms;PTT Metro de Sao Paulo - Nodo 4;;;;;
16/08/15 10:48;22.08 Mbit/s;23.7 Mbit/s;< 1 ms;< 1 ms;23.22 Mbit/s;22.12 Mbit/s;0.0 %;33.85 ms;PTT Metro de Sao Paulo - Nodo 3;;;;;
16/08/15 09:48;24.94 Mbit/s;24.43 Mbit/s;< 1 ms;< 1 ms;24.2 Mbit/s;20.4 Mbit/s;0.0 %;4.65 ms;PTT Metro de Sao Paulo - Nodo 2;;;;;
16/08/15 08:48;25.06 Mbit/s;23.69 Mbit/s;< 1 ms;< 1 ms;24.09 Mbit/s;22.98 Mbit/s;0.0 %;4.79 ms;PTT Metro de Sao Paulo - Nodo 4;;;;;
16/08/15 07:48;25.03 Mbit/s;24.51 Mbit/s;< 1 ms;< 1 ms;24.25 Mbit/s;22.31 Mbit/s;0.0 %;4.68 ms;PTT Metro de Sao Paulo - Nodo 1;;;;;
16/08/15 06:48;23.12 Mbit/s;23.75 Mbit/s;< 1 ms;< 1 ms;23.81 Mbit/s;22.93 Mbit/s;0.0 %;4.62 ms;PTT Metro de Sao Paulo - Nodo 3;;;;;
16/08/15 05:48;24.98 Mbit/s;24.46 Mbit/s;< 1 ms;< 1 ms;24.3 Mbit/s;22.17 Mbit/s;0.0 %;4.7 ms;PTT Metro de Sao Paulo - Nodo 2;;;;;
16/08/15 04:48;23.76 Mbit/s;24.49 Mbit/s;< 1 ms;< 1 ms;23.88 Mbit/s;22.49 Mbit/s;0.0 %;4.73 ms;PTT Metro de Sao Paulo - Nodo 4;;;;;
16/08/15 03:48;25.05 Mbit/s;24.55 Mbit/s;< 1 ms;< 1 ms;24.42 Mbit/s;22.46 Mbit/s;0.0 %;4.75 ms;PTT Metro de Sao Paulo - Nodo 1;;;;;
16/08/15 01:48;24.96 Mbit/s;24.47 Mbit/s;< 1 ms;< 1 ms;24.29 Mbit/s;22.37 Mbit/s;0.0 %;4.67 ms;PTT Metro de Sao Paulo - Nodo 2;;;;;
16/08/15 00:48;24.73 Mbit/s;23.47 Mbit/s;< 1 ms;< 1 ms;24.35 Mbit/s;21.98 Mbit/s;0.0 %;4.56 ms;PTT Metro de Sao Paulo - Nodo 4;;;;;
16/08/15 00:48;50.55 Mbit/s;42.52 Mbit/s;< 1 ms;1.39 ms;55.27 Mbit/s;45.13 Mbit/s;0.0 %;4.9 ms;PTT Metro de Sao Paulo - Nodo 4;;;;;
15/08/15 23:48;23.7 Mbit/s;24.38 Mbit/s;< 1 ms;< 1 ms;23.89 Mbit/s;22.54 Mbit/s;0.67 %;4.33 ms;PTT Metro de Sao Paulo - Nodo 1;;;;;
15/08/15 22:48;24.01 Mbit/s;22.16 Mbit/s;< 1 ms;< 1 ms;23.76 Mbit/s;23.02 Mbit/s;0.0 %;4.65 ms;PTT Metro de Sao Paulo - Nodo 3;;;;;
15/08/15 21:48;24.69 Mbit/s;24.36 Mbit/s;1.39 ms;< 1 ms;24.05 Mbit/s;21.99 Mbit/s;0.0 %;5.57 ms;PTT Metro de Sao Paulo - Nodo 2;;;;;
15/08/15 20:48;24.57 Mbit/s;24.45 Mbit/s;< 1 ms;< 1 ms;24.13 Mbit/s;21.56 Mbit/s;0.0 %;4.64 ms;PTT Metro de Sao Paulo - Nodo 4;;;;;
15/08/15 19:48;24.62 Mbit/s;24.18 Mbit/s;< 1 ms;< 1 ms;24.33 Mbit/s;21.93 Mbit/s;0.0 %;4.6 ms;PTT Metro de Sao Paulo - Nodo 1;;;;;
15/08/15 18:48;20.93 Mbit/s;23.56 Mbit/s;< 1 ms;< 1 ms;22.51 Mbit/s;20.23 Mbit/s;0.0 %;4.65 ms;PTT Metro de Sao Paulo - Nodo 4;;;;;
15/08/15 17:48;24.82 Mbit/s;24.44 Mbit/s;< 1 ms;< 1 ms;24.19 Mbit/s;22.44 Mbit/s;0.0 %;4.5 ms;PTT Metro de Sao Paulo - Nodo 3;;;;;
15/08/15 16:48;23.78 Mbit/s;20.66 Mbit/s;< 1 ms;< 1 ms;24.02 Mbit/s;22.09 Mbit/s;0.0 %;4.55 ms;PTT Metro de Sao Paulo - Nodo 2;;;;;
15/08/15 15:48;21.83 Mbit/s;24.37 Mbit/s;< 1 ms;1.08 ms;22.63 Mbit/s;22.65 Mbit/s;0.0 %;5.04 ms;PTT Metro de Sao Paulo - Nodo 3 - PIX ALOG Tambore;;;;;
15/08/15 14:48;24.97 Mbit/s;22.55 Mbit/s;< 1 ms;< 1 ms;23.98 Mbit/s;21.89 Mbit/s;0.0 %;7.61 ms;PTT Metro de Sao Paulo - Nodo 4;;;;;
15/08/15 13:48;22.65 Mbit/s;21.77 Mbit/s;< 1 ms;< 1 ms;22.35 Mbit/s;20.44 Mbit/s;0.0 %;4.58 ms;PTT Metro de Sao Paulo - Nodo 3;;;;;
15/08/15 12:48;23.99 Mbit/s;20.83 Mbit/s;< 1 ms;< 1 ms;23.44 Mbit/s;21.23 Mbit/s;0.0 %;5.74 ms;PTT Metro de Sao Paulo - Nodo 2;;;;;
15/08/15 12:48;57.26 Mbit/s;42.01 Mbit/s;< 1 ms;1.58 ms;60.47 Mbit/s;44.56 Mbit/s;0.0 %;6.75 ms;PTT Metro de Sao Paulo - Nodo 2 - PIX ALOG Tambore;;;;;
15/08/15 11:48;22.96 Mbit/s;24.16 Mbit/s;< 1 ms;< 1 ms;22.7 Mbit/s;22.04 Mbit/s;0.0 %;4.86 ms;PTT Metro de Sao Paulo - Nodo 1;;;;;
15/08/15 10:48;20.44 Mbit/s;24.57 Mbit/s;< 1 ms;1.66 ms;21.24 Mbit/s;22.27 Mbit/s;0.0 %;4.62 ms;PTT Metro de Sao Paulo - Nodo 4;;;;;
15/08/15 10:48;45.24 Mbit/s;44.96 Mbit/s;< 1 ms;1.44 ms;49.71 Mbit/s;47.94 Mbit/s;0.0 %;4.78 ms;PTT Metro de Sao Paulo - Nodo 4;;;;;
15/08/15 09:48;36.53 Mbit/s;48.27 Mbit/s;< 1 ms;1.75 ms;39.84 Mbit/s;50.63 Mbit/s;0.67 %;5.65 ms;PTT Metro de Sao Paulo - Nodo 2 - PIX ALOG Tambore;;;;;
15/08/15 09:48;25.02 Mbit/s;24.56 Mbit/s;< 1 ms;< 1 ms;24.31 Mbit/s;22.52 Mbit/s;0.0 %;4.55 ms;PTT Metro de Sao Paulo - Nodo 3;;;;;
15/08/15 08:48;24.98 Mbit/s;24.54 Mbit/s;< 1 ms;< 1 ms;24.4 Mbit/s;19.51 Mbit/s;0.0 %;4.66 ms;PTT Metro de Sao Paulo - Nodo 2;;;;;
15/08/15 07:48;24.49 Mbit/s;23.15 Mbit/s;< 1 ms;< 1 ms;24.16 Mbit/s;22.9 Mbit/s;0.0 %;4.52 ms;PTT Metro de Sao Paulo - Nodo 1;;;;;
15/08/15 05:48;24.96 Mbit/s;24.57 Mbit/s;< 1 ms;< 1 ms;24.41 Mbit/s;21.54 Mbit/s;0.0 %;5.0 ms;PTT Metro de Sao Paulo - Nodo 3 - PIX ALOG Tambore;;;;;
15/08/15 04:48;24.78 Mbit/s;24.42 Mbit/s;< 1 ms;< 1 ms;24.09 Mbit/s;21.87 Mbit/s;0.0 %;4.73 ms;PTT Metro de Sao Paulo - Nodo 2;;;;;
15/08/15 02:48;24.76 Mbit/s;23.68 Mbit/s;< 1 ms;< 1 ms;24.16 Mbit/s;22.99 Mbit/s;0.0 %;4.66 ms;PTT Metro de Sao Paulo - Nodo 4;;;;;
15/08/15 01:48;25.0 Mbit/s;24.46 Mbit/s;< 1 ms;< 1 ms;24.35 Mbit/s;22.53 Mbit/s;0.0 %;5.1 ms;PTT Metro de Sao Paulo - PIX ALOG Tambore;;;;;
15/08/15 00:48;25.0 Mbit/s;24.13 Mbit/s;< 1 ms;< 1 ms;24.26 Mbit/s;21.02 Mbit/s;0.0 %;4.7 ms;PTT Metro de Sao Paulo - Nodo 2;;;;;
14/08/15 23:48;25.07 Mbit/s;24.58 Mbit/s;< 1 ms;< 1 ms;24.4 Mbit/s;22.48 Mbit/s;0.0 %;5.86 ms;PTT Metro de Sao Paulo - Nodo 1;;;;;
14/08/15 21:48;21.88 Mbit/s;22.61 Mbit/s;< 1 ms;1.24 ms;23.12 Mbit/s;22.72 Mbit/s;0.0 %;4.62 ms;PTT Metro de Sao Paulo - Nodo 3;;;;;
14/08/15 19:48;21.65 Mbit/s;24.35 Mbit/s;< 1 ms;< 1 ms;22.62 Mbit/s;21.04 Mbit/s;0.0 %;5.07 ms;PTT Metro de Sao Paulo - PIX ALOG Tambore;;;;;
14/08/15 18:48;23.9 Mbit/s;24.26 Mbit/s;< 1 ms;< 1 ms;23.99 Mbit/s;21.65 Mbit/s;0.0 %;4.64 ms;PTT Metro de Sao Paulo - Nodo 4;;;;;
14/08/15 16:48;24.15 Mbit/s;23.81 Mbit/s;< 1 ms;1.18 ms;23.64 Mbit/s;22.71 Mbit/s;0.0 %;5.08 ms;PTT Metro de Sao Paulo - PIX ALOG Tambore;;;;;
14/08/15 15:48;24.02 Mbit/s;24.42 Mbit/s;< 1 ms;< 1 ms;24.01 Mbit/s;22.52 Mbit/s;0.0 %;4.66 ms;PTT Metro de Sao Paulo - Nodo 1;;;;;
14/08/15 15:48;38.12 Mbit/s;40.52 Mbit/s;7.0 ms;1.58 ms;41.02 Mbit/s;43.04 Mbit/s;0.0 %;9.45 ms;PTT Metro de Sao Paulo - PIX ALOG Tambore;;;;;
14/08/15 13:48;22.28 Mbit/s;24.12 Mbit/s;< 1 ms;< 1 ms;23.1 Mbit/s;19.67 Mbit/s;0.0 %;4.76 ms;PTT Metro de Sao Paulo - Nodo 3;;;;;
14/08/15 12:48;24.92 Mbit/s;24.49 Mbit/s;< 1 ms;< 1 ms;23.76 Mbit/s;20.29 Mbit/s;0.0 %;6.59 ms;PTT Metro de Sao Paulo - Nodo 2;;;;;
14/08/15 09:48;24.18 Mbit/s;23.22 Mbit/s;< 1 ms;< 1 ms;24.16 Mbit/s;22.56 Mbit/s;0.0 %;4.68 ms;PTT Metro de Sao Paulo - Nodo 3;;;;;
14/08/15 08:48;22.5 Mbit/s;21.48 Mbit/s;< 1 ms;2.36 ms;23.14 Mbit/s;22.74 Mbit/s;0.0 %;4.56 ms;PTT Metro de Sao Paulo - Nodo 2;;;;;
14/08/15 07:48;23.6 Mbit/s;22.69 Mbit/s;< 1 ms;< 1 ms;23.44 Mbit/s;20.84 Mbit/s;0.0 %;7.75 ms;PTT Metro de Sao Paulo - Nodo 1;;;;;
14/08/15 06:48;10.07 Mbit/s;21.95 Mbit/s;15.53 ms;< 1 ms;11.03 Mbit/s;22.97 Mbit/s;0.0 %;6.34 ms;PTT Metro de Sao Paulo - Nodo 4;;;;;
14/08/15 05:48;24.98 Mbit/s;24.41 Mbit/s;< 1 ms;< 1 ms;24.27 Mbit/s;22.04 Mbit/s;0.0 %;4.64 ms;PTT Metro de Sao Paulo - Nodo 3;;;;;
14/08/15 04:48;24.78 Mbit/s;24.44 Mbit/s;< 1 ms;< 1 ms;24.37 Mbit/s;22.53 Mbit/s;0.0 %;4.69 ms;PTT Metro de Sao Paulo - Nodo 2;;;;;
14/08/15 03:48;25.12 Mbit/s;24.51 Mbit/s;< 1 ms;< 1 ms;24.42 Mbit/s;22.47 Mbit/s;0.0 %;4.69 ms;PTT Metro de Sao Paulo - Nodo 1;;;;;
14/08/15 02:49;25.04 Mbit/s;24.43 Mbit/s;< 1 ms;< 1 ms;24.43 Mbit/s;22.6 Mbit/s;0.0 %;5.13 ms;PTT Metro de Sao Paulo - Nodo 3 - PIX ALOG Tambore;;;;;
14/08/15 01:48;24.85 Mbit/s;24.48 Mbit/s;< 1 ms;< 1 ms;24.03 Mbit/s;22.18 Mbit/s;0.0 %;5.15 ms;PTT Metro de Sao Paulo - Nodo 2 - PIX ALOG Tambore;;;;;
14/08/15 00:48;25.02 Mbit/s;24.46 Mbit/s;< 1 ms;< 1 ms;24.37 Mbit/s;22.49 Mbit/s;0.0 %;4.72 ms;PTT Metro de Sao Paulo - Nodo 1;;;;;
13/08/15 21:48;24.83 Mbit/s;24.42 Mbit/s;3.11 ms;< 1 ms;24.36 Mbit/s;21.02 Mbit/s;0.0 %;8.81 ms;PTT Metro de Sao Paulo - Nodo 2;;;;;
13/08/15 20:48;11.4 Mbit/s;16.7 Mbit/s;2.42 ms;2.32 ms;12.52 Mbit/s;15.09 Mbit/s;0.0 %;17.89 ms;PTT Metro de Sao Paulo - Nodo 3 - PIX ALOG Tambore;;;;;
13/08/15 20:48;21.89 Mbit/s;21.27 Mbit/s;< 1 ms;< 1 ms;22.83 Mbit/s;22.61 Mbit/s;0.0 %;6.92 ms;PTT Metro de Sao Paulo - Nodo 1;;;;;
13/08/15 19:48;24.6 Mbit/s;22.05 Mbit/s;< 1 ms;< 1 ms;24.03 Mbit/s;22.79 Mbit/s;0.0 %;4.56 ms;PTT Metro de Sao Paulo - Nodo 4;;;;;
13/08/15 18:48;22.53 Mbit/s;24.33 Mbit/s;< 1 ms;4.42 ms;21.95 Mbit/s;22.5 Mbit/s;0.0 %;7.58 ms;PTT Metro de Sao Paulo - Nodo 3;;;;;
13/08/15 14:48;24.38 Mbit/s;23.09 Mbit/s;< 1 ms;1.21 ms;23.4 Mbit/s;22.89 Mbit/s;1.36 %;7.32 ms;PTT Metro de Sao Paulo - Nodo 4;;;;;
13/08/15 13:48;24.12 Mbit/s;23.38 Mbit/s;3.34 ms;< 1 ms;23.65 Mbit/s;21.95 Mbit/s;0.67 %;6.57 ms;PTT Metro de Sao Paulo - Nodo 3;;;;;
13/08/15 12:48;17.73 Mbit/s;19.66 Mbit/s;5.37 ms;< 1 ms;15.63 Mbit/s;16.67 Mbit/s;0.0 %;9.33 ms;PTT Metro de Sao Paulo - Nodo 2;;;;;
13/08/15 11:48;24.82 Mbit/s;24.42 Mbit/s;3.34 ms;< 1 ms;23.87 Mbit/s;22.33 Mbit/s;0.0 %;5.45 ms;PTT Metro de Sao Paulo - Nodo 1;;;;;
13/08/15 10:48;24.78 Mbit/s;24.47 Mbit/s;< 1 ms;5.46 ms;24.16 Mbit/s;22.46 Mbit/s;0.0 %;5.83 ms;PTT Metro de Sao Paulo - Nodo 4;;;;;
13/08/15 09:48;24.97 Mbit/s;24.52 Mbit/s;< 1 ms;< 1 ms;24.4 Mbit/s;22.42 Mbit/s;0.0 %;5.14 ms;PTT Metro de Sao Paulo - Nodo 2 - PIX ALOG Tambore;;;;;
13/08/15 08:48;22.83 Mbit/s;24.46 Mbit/s;< 1 ms;4.84 ms;23.31 Mbit/s;22.45 Mbit/s;0.0 %;4.76 ms;PTT Metro de Sao Paulo - Nodo 2;;;;;
13/08/15 07:48;17.13 Mbit/s;23.85 Mbit/s;4.53 ms;< 1 ms;14.16 Mbit/s;15.67 Mbit/s;0.0 %;4.69 ms;PTT Metro de Sao Paulo - Nodo 1;;;;;
13/08/15 06:48;23.88 Mbit/s;21.84 Mbit/s;< 1 ms;< 1 ms;24.48 Mbit/s;22.97 Mbit/s;0.0 %;6.24 ms;PTT Metro de Sao Paulo - Nodo 2 - PIX ALOG Tambore;;;;;
13/08/15 05:48;24.94 Mbit/s;24.43 Mbit/s;< 1 ms;< 1 ms;24.4 Mbit/s;22.59 Mbit/s;0.0 %;4.74 ms;PTT Metro de Sao Paulo - Nodo 3;;;;;
13/08/15 04:48;24.53 Mbit/s;24.56 Mbit/s;< 1 ms;< 1 ms;24.06 Mbit/s;22.47 Mbit/s;0.0 %;5.14 ms;PTT Metro de Sao Paulo - Nodo 3 - PIX ALOG Tambore;;;;;
13/08/15 02:48;24.98 Mbit/s;24.46 Mbit/s;< 1 ms;< 1 ms;24.3 Mbit/s;22.55 Mbit/s;0.0 %;4.7 ms;PTT Metro de Sao Paulo - Nodo 4;;;;;
13/08/15 01:48;24.84 Mbit/s;24.48 Mbit/s;< 1 ms;< 1 ms;24.39 Mbit/s;22.56 Mbit/s;0.0 %;5.15 ms;PTT Metro de Sao Paulo - Nodo 3 - PIX ALOG Tambore;;;;;
13/08/15 00:48;24.66 Mbit/s;24.49 Mbit/s;< 1 ms;< 1 ms;24.29 Mbit/s;22.54 Mbit/s;0.0 %;4.77 ms;PTT Metro de Sao Paulo - Nodo 2;;;;;
12/08/15 23:48;24.98 Mbit/s;24.48 Mbit/s;< 1 ms;< 1 ms;24.41 Mbit/s;22.41 Mbit/s;0.0 %;5.45 ms;PTT Metro de Sao Paulo - Nodo 1;;;;;
12/08/15 22:48;24.67 Mbit/s;22.35 Mbit/s;5.23 ms;< 1 ms;24.25 Mbit/s;22.44 Mbit/s;0.0 %;4.7 ms;PTT Metro de Sao Paulo - Nodo 4;;;;;
12/08/15 21:48;25.0 Mbit/s;24.46 Mbit/s;< 1 ms;< 1 ms;24.26 Mbit/s;21.02 Mbit/s;0.0 %;4.7 ms;PTT Metro de Sao Paulo - Nodo 3;;;;;
12/08/15 20:48;23.7 Mbit/s;24.47 Mbit/s;6.76 ms;< 1 ms;23.7 Mbit/s;19.96 Mbit/s;0.0 %;6.58 ms;PTT Metro de Sao Paulo - Nodo 2;;;;;
12/08/15 19:48;21.63 Mbit/s;24.47 Mbit/s;< 1 ms;< 1 ms;22.86 Mbit/s;22.23 Mbit/s;0.0 %;4.5 ms;PTT Metro de Sao Paulo - Nodo 1;;;;;
12/08/15 18:48;23.01 Mbit/s;22.79 Mbit/s;< 1 ms;3.45 ms;23.44 Mbit/s;20.07 Mbit/s;0.0 %;6.39 ms;PTT Metro de Sao Paulo - Nodo 4;;;;;
12/08/15 17:48;21.47 Mbit/s;23.54 Mbit/s;< 1 ms;< 1 ms;22.77 Mbit/s;19.13 Mbit/s;0.0 %;5.57 ms;PTT Metro de Sao Paulo - Nodo 3;;;;;
12/08/15 16:48;22.93 Mbit/s;24.36 Mbit/s;< 1 ms;< 1 ms;24.03 Mbit/s;21.5 Mbit/s;0.0 %;5.7 ms;PTT Metro de Sao Paulo - Nodo 2;;;;;
12/08/15 15:48;24.06 Mbit/s;24.48 Mbit/s;< 1 ms;2.09 ms;23.8 Mbit/s;21.49 Mbit/s;0.0 %;4.73 ms;PTT Metro de Sao Paulo - Nodo 1;;;;;
12/08/15 14:48;21.99 Mbit/s;24.44 Mbit/s;< 1 ms;4.43 ms;23.15 Mbit/s;22.51 Mbit/s;0.0 %;5.17 ms;PTT Metro de Sao Paulo - PIX ALOG Tambore;;;;;
12/08/15 13:48;23.58 Mbit/s;23.43 Mbit/s;< 1 ms;1.62 ms;23.86 Mbit/s;22.49 Mbit/s;0.0 %;4.74 ms;PTT Metro de Sao Paulo - Nodo 3;;;;;
12/08/15 11:48;24.66 Mbit/s;24.46 Mbit/s;< 1 ms;< 1 ms;23.88 Mbit/s;22.2 Mbit/s;0.0 %;4.82 ms;PTT Metro de Sao Paulo - Nodo 1;;;;;
12/08/15 10:48;24.39 Mbit/s;24.35 Mbit/s;< 1 ms;< 1 ms;23.56 Mbit/s;20.58 Mbit/s;0.0 %;4.8 ms;PTT Metro de Sao Paulo - Nodo 4;;;;;
12/08/15 09:48;24.58 Mbit/s;24.37 Mbit/s;< 1 ms;< 1 ms;24.12 Mbit/s;22.59 Mbit/s;0.0 %;4.61 ms;PTT Metro de Sao Paulo - Nodo 3;;;;;
12/08/15 08:48;24.6 Mbit/s;23.5 Mbit/s;< 1 ms;< 1 ms;24.19 Mbit/s;23.03 Mbit/s;0.0 %;6.86 ms;PTT Metro de Sao Paulo - Nodo 2;;;;;
12/08/15 07:48;24.88 Mbit/s;22.45 Mbit/s;< 1 ms;4.92 ms;23.96 Mbit/s;19.84 Mbit/s;0.0 %;4.47 ms;PTT Metro de Sao Paulo - Nodo 1;;;;;
12/08/15 06:48;21.55 Mbit/s;24.58 Mbit/s;1.18 ms;< 1 ms;22.92 Mbit/s;22.57 Mbit/s;0.0 %;16.33 ms;PTT Metro de Belo Horizonte;;;;;
12/08/15 05:48;24.98 Mbit/s;24.21 Mbit/s;< 1 ms;< 1 ms;24.27 Mbit/s;22.6 Mbit/s;0.0 %;4.75 ms;PTT Metro de Sao Paulo - Nodo 3;;;;;
12/08/15 04:48;24.81 Mbit/s;24.47 Mbit/s;< 1 ms;< 1 ms;24.27 Mbit/s;22.44 Mbit/s;0.0 %;4.69 ms;PTT Metro de Sao Paulo - Nodo 2;;;;;
12/08/15 03:48;24.83 Mbit/s;24.48 Mbit/s;< 1 ms;< 1 ms;24.35 Mbit/s;22.54 Mbit/s;0.0 %;4.61 ms;PTT Metro de Sao Paulo - Nodo 1;;;;;
12/08/15 02:48;24.99 Mbit/s;24.56 Mbit/s;< 1 ms;< 1 ms;24.37 Mbit/s;22.18 Mbit/s;0.0 %;4.69 ms;PTT Metro de Sao Paulo - Nodo 4;;;;;
12/08/15 00:48;24.94 Mbit/s;24.38 Mbit/s;< 1 ms;< 1 ms;24.36 Mbit/s;22.56 Mbit/s;0.0 %;5.17 ms;PTT Metro de Sao Paulo - Nodo 2 - PIX ALOG Tambore;;;;;
11/08/15 23:48;23.65 Mbit/s;24.41 Mbit/s;< 1 ms;< 1 ms;23.89 Mbit/s;22.16 Mbit/s;0.0 %;5.14 ms;PTT Metro de Sao Paulo - PIX ALOG Tambore;;;;;
11/08/15 22:48;23.65 Mbit/s;24.06 Mbit/s;< 1 ms;< 1 ms;23.74 Mbit/s;21.77 Mbit/s;0.0 %;6.7 ms;PTT Metro de Sao Paulo - Nodo 3;;;;;
11/08/15 21:48;24.24 Mbit/s;24.38 Mbit/s;< 1 ms;1.65 ms;23.87 Mbit/s;21.12 Mbit/s;0.0 %;4.65 ms;PTT Metro de Sao Paulo - Nodo 4;;;;;
11/08/15 20:48;22.5 Mbit/s;24.43 Mbit/s;3.83 ms;< 1 ms;23.53 Mbit/s;21.81 Mbit/s;1.36 %;11.3 ms;PTT Metro de Sao Paulo - Nodo 2;;;;;
11/08/15 19:48;17.15 Mbit/s;23.86 Mbit/s;6.95 ms;< 1 ms;18.73 Mbit/s;21.83 Mbit/s;0.67 %;18.35 ms;PTT Metro de Sao Paulo - Nodo 1;;;;;
11/08/15 18:48;23.1 Mbit/s;24.5 Mbit/s;< 1 ms;< 1 ms;23.6 Mbit/s;22.42 Mbit/s;0.0 %;5.12 ms;PTT Metro de Sao Paulo - Nodo 2 - PIX ALOG Tambore;;;;;
11/08/15 17:48;23.21 Mbit/s;23.55 Mbit/s;< 1 ms;< 1 ms;23.51 Mbit/s;21.79 Mbit/s;0.0 %;4.62 ms;PTT Metro de Sao Paulo - Nodo 4;;;;;
11/08/15 16:48;24.33 Mbit/s;24.46 Mbit/s;< 1 ms;< 1 ms;24.07 Mbit/s;19.52 Mbit/s;0.0 %;6.37 ms;PTT Metro de Sao Paulo - Nodo 2;;;;;
11/08/15 14:48;23.97 Mbit/s;24.44 Mbit/s;< 1 ms;< 1 ms;24.04 Mbit/s;21.85 Mbit/s;0.0 %;6.69 ms;PTT Metro de Sao Paulo - Nodo 3;;;;;
11/08/15 13:48;22.93 Mbit/s;22.72 Mbit/s;< 1 ms;< 1 ms;23.64 Mbit/s;22.37 Mbit/s;0.0 %;4.95 ms;PTT Metro de Sao Paulo - Nodo 4;;;;;
11/08/15 12:48;16.97 Mbit/s;18.9 Mbit/s;< 1 ms;3.77 ms;17.7 Mbit/s;19.97 Mbit/s;0.0 %;4.78 ms;PTT Metro de Sao Paulo - Nodo 2;;;;;
11/08/15 11:48;24.68 Mbit/s;24.47 Mbit/s;< 1 ms;< 1 ms;24.21 Mbit/s;22.54 Mbit/s;0.0 %;6.94 ms;PTT Metro de Sao Paulo - Nodo 1;;;;;
11/08/15 10:48;24.32 Mbit/s;22.68 Mbit/s;< 1 ms;4.3 ms;23.99 Mbit/s;23.2 Mbit/s;0.0 %;4.65 ms;PTT Metro de Sao Paulo - Nodo 3;;;;;
11/08/15 09:48;25.02 Mbit/s;24.17 Mbit/s;< 1 ms;< 1 ms;24.18 Mbit/s;22.55 Mbit/s;0.0 %;4.69 ms;PTT Metro de Sao Paulo - Nodo 1;;;;;
11/08/15 08:48;25.0 Mbit/s;24.58 Mbit/s;< 1 ms;1.18 ms;24.2 Mbit/s;22.45 Mbit/s;0.0 %;9.94 ms;PTT Metro de Sao Paulo - Nodo 2 - PIX ALOG Tambore;;;;;
11/08/15 07:48;19.09 Mbit/s;21.82 Mbit/s;< 1 ms;15.31 ms;20.95 Mbit/s;8.93 Mbit/s;0.0 %;4.66 ms;PTT Metro de Sao Paulo - Nodo 3;;;;;
11/08/15 06:48;22.09 Mbit/s;23.14 Mbit/s;< 1 ms;< 1 ms;23.19 Mbit/s;23.13 Mbit/s;0.0 %;4.51 ms;PTT Metro de Sao Paulo - Nodo 2;;;;;
11/08/15 05:48;23.74 Mbit/s;24.22 Mbit/s;< 1 ms;< 1 ms;23.96 Mbit/s;22.74 Mbit/s;0.0 %;4.68 ms;PTT Metro de Sao Paulo - Nodo 4;;;;;
11/08/15 04:48;24.9 Mbit/s;24.19 Mbit/s;< 1 ms;< 1 ms;24.13 Mbit/s;22.8 Mbit/s;0.0 %;4.77 ms;PTT Metro de Sao Paulo - Nodo 1;;;;;
11/08/15 03:48;25.04 Mbit/s;24.27 Mbit/s;< 1 ms;< 1 ms;24.3 Mbit/s;22.7 Mbit/s;0.0 %;4.62 ms;PTT Metro de Sao Paulo - Nodo 3;;;;;
11/08/15 02:48;24.56 Mbit/s;24.46 Mbit/s;< 1 ms;< 1 ms;24.27 Mbit/s;21.52 Mbit/s;0.0 %;4.55 ms;PTT Metro de Sao Paulo - Nodo 2;;;;;
11/08/15 01:48;24.95 Mbit/s;24.28 Mbit/s;< 1 ms;< 1 ms;24.34 Mbit/s;22.28 Mbit/s;0.0 %;4.64 ms;PTT Metro de Sao Paulo - Nodo 4;;;;;
11/08/15 00:48;24.71 Mbit/s;24.3 Mbit/s;< 1 ms;< 1 ms;24.19 Mbit/s;22.18 Mbit/s;0.0 %;4.74 ms;PTT Metro de Sao Paulo - Nodo 1;;;;;
10/08/15 23:48;25.0 Mbit/s;24.59 Mbit/s;< 1 ms;< 1 ms;24.36 Mbit/s;22.11 Mbit/s;0.0 %;4.62 ms;PTT Metro de Sao Paulo - Nodo 3;;;;;
10/08/15 22:48;24.98 Mbit/s;24.57 Mbit/s;< 1 ms;< 1 ms;24.13 Mbit/s;21.75 Mbit/s;0.0 %;4.56 ms;PTT Metro de Sao Paulo - Nodo 2;;;;;
10/08/15 21:48;23.21 Mbit/s;22.53 Mbit/s;< 1 ms;< 1 ms;22.29 Mbit/s;22.95 Mbit/s;0.0 %;8.09 ms;PTT Metro de Sao Paulo - PIX ALOG Tambore;;;;;
10/08/15 20:48;24.29 Mbit/s;23.6 Mbit/s;52.42 ms;< 1 ms;23.92 Mbit/s;22.64 Mbit/s;0.0 %;76.11 ms;PTT Metro de Sao Paulo - Nodo 1;;;;;
10/08/15 19:48;24.51 Mbit/s;23.9 Mbit/s;6.02 ms;3.66 ms;23.99 Mbit/s;21.68 Mbit/s;0.0 %;7.75 ms;PTT Metro de Sao Paulo - Nodo 3;;;;;
10/08/15 18:48;23.42 Mbit/s;23.63 Mbit/s;< 1 ms;< 1 ms;23.75 Mbit/s;22.98 Mbit/s;0.0 %;4.74 ms;PTT Metro de Sao Paulo - Nodo 2;;;;;
10/08/15 17:48;22.54 Mbit/s;22.92 Mbit/s;< 1 ms;1.02 ms;23.48 Mbit/s;21.43 Mbit/s;0.0 %;5.66 ms;PTT Metro de Sao Paulo - Nodo 4;;;;;
10/08/15 16:48;24.79 Mbit/s;23.29 Mbit/s;< 1 ms;< 1 ms;23.87 Mbit/s;18.78 Mbit/s;0.0 %;4.7 ms;PTT Metro de Sao Paulo - Nodo 1;;;;;
10/08/15 15:48;24.58 Mbit/s;24.42 Mbit/s;< 1 ms;< 1 ms;23.96 Mbit/s;22.08 Mbit/s;0.0 %;5.09 ms;PTT Metro de Sao Paulo - PIX ALOG Tambore;;;;;
10/08/15 14:48;24.46 Mbit/s;24.48 Mbit/s;< 1 ms;< 1 ms;23.92 Mbit/s;22.53 Mbit/s;0.0 %;5.64 ms;PTT Metro de Sao Paulo - Nodo 2;;;;;
10/08/15 13:48;24.78 Mbit/s;24.16 Mbit/s;< 1 ms;< 1 ms;24.24 Mbit/s;20.78 Mbit/s;0.0 %;5.76 ms;PTT Metro de Sao Paulo - Nodo 4;;;;;
10/08/15 11:48;23.57 Mbit/s;22.9 Mbit/s;< 1 ms;< 1 ms;23.84 Mbit/s;21.88 Mbit/s;0.0 %;4.79 ms;PTT Metro de Sao Paulo - Nodo 3;;;;;
10/08/15 10:48;24.44 Mbit/s;21.73 Mbit/s;< 1 ms;< 1 ms;24.16 Mbit/s;22.35 Mbit/s;0.0 %;5.89 ms;PTT Metro de Sao Paulo - Nodo 4;;;;;
10/08/15 09:48;24.9 Mbit/s;23.8 Mbit/s;< 1 ms;< 1 ms;24.2 Mbit/s;21.87 Mbit/s;0.0 %;14.86 ms;PTT Metro de Sao Paulo - Nodo 3 - PIX ALOG Tambore;;;;;
10/08/15 08:48;24.64 Mbit/s;24.54 Mbit/s;2.0 ms;7.32 ms;24.03 Mbit/s;22.42 Mbit/s;0.0 %;6.4 ms;PTT Metro de Sao Paulo - Nodo 2;;;;;
10/08/15 07:48;24.8 Mbit/s;19.62 Mbit/s;< 1 ms;< 1 ms;24.08 Mbit/s;20.92 Mbit/s;0.0 %;4.64 ms;PTT Metro de Sao Paulo - Nodo 3;;;;;
10/08/15 06:48;23.71 Mbit/s;24.1 Mbit/s;< 1 ms;< 1 ms;24.01 Mbit/s;22.7 Mbit/s;0.0 %;4.59 ms;PTT Metro de Sao Paulo - Nodo 4;;;;;
10/08/15 05:48;24.91 Mbit/s;24.41 Mbit/s;< 1 ms;< 1 ms;24.31 Mbit/s;21.99 Mbit/s;0.0 %;5.87 ms;PTT Metro de Sao Paulo - PIX ALOG Tambore;;;;;
10/08/15 04:48;24.97 Mbit/s;24.56 Mbit/s;< 1 ms;< 1 ms;24.41 Mbit/s;22.35 Mbit/s;0.0 %;4.77 ms;PTT Metro de Sao Paulo - Nodo 2;;;;;
10/08/15 03:48;25.01 Mbit/s;24.5 Mbit/s;< 1 ms;< 1 ms;24.39 Mbit/s;22.55 Mbit/s;0.0 %;4.68 ms;PTT Metro de Sao Paulo - Nodo 3;;;;;
10/08/15 02:48;24.85 Mbit/s;24.35 Mbit/s;< 1 ms;< 1 ms;24.13 Mbit/s;22.66 Mbit/s;0.0 %;4.69 ms;PTT Metro de Sao Paulo - Nodo 4;;;;;
10/08/15 01:48;24.9 Mbit/s;24.01 Mbit/s;< 1 ms;< 1 ms;24.27 Mbit/s;22.32 Mbit/s;0.0 %;4.69 ms;PTT Metro de Sao Paulo - Nodo 1;;;;;
10/08/15 00:48;24.92 Mbit/s;24.39 Mbit/s;< 1 ms;< 1 ms;24.33 Mbit/s;22.48 Mbit/s;0.0 %;4.61 ms;PTT Metro de Sao Paulo - Nodo 2;;;;;
09/08/15 23:48;24.71 Mbit/s;24.59 Mbit/s;< 1 ms;< 1 ms;24.3 Mbit/s;22.42 Mbit/s;0.0 %;4.73 ms;PTT Metro de Sao Paulo - Nodo 3;;;;;
09/08/15 22:48;24.92 Mbit/s;24.44 Mbit/s;< 1 ms;< 1 ms;24.34 Mbit/s;21.66 Mbit/s;0.0 %;4.71 ms;PTT Metro de Sao Paulo - Nodo 4;;;;;
09/08/15 21:48;24.91 Mbit/s;24.48 Mbit/s;< 1 ms;2.67 ms;24.35 Mbit/s;22.58 Mbit/s;0.0 %;4.79 ms;PTT Metro de Sao Paulo - Nodo 1;;;;;
09/08/15 20:48;24.95 Mbit/s;24.37 Mbit/s;< 1 ms;< 1 ms;24.16 Mbit/s;22.51 Mbit/s;0.0 %;5.1 ms;PTT Metro de Sao Paulo - PIX ALOG Tambore;;;;;
09/08/15 19:48;23.38 Mbit/s;22.29 Mbit/s;1.32 ms;< 1 ms;23.68 Mbit/s;23.07 Mbit/s;0.0 %;6.26 ms;PTT Metro de Sao Paulo - Nodo 2 - PIX ALOG Tambore;;;;;
09/08/15 18:48;22.9 Mbit/s;24.37 Mbit/s;< 1 ms;< 1 ms;23.48 Mbit/s;19.71 Mbit/s;0.0 %;4.6 ms;PTT Metro de Sao Paulo - Nodo 4;;;;;
09/08/15 17:48;22.35 Mbit/s;17.35 Mbit/s;< 1 ms;< 1 ms;23.45 Mbit/s;18.51 Mbit/s;0.0 %;4.59 ms;PTT Metro de Sao Paulo - Nodo 1;;;;;
09/08/15 16:48;23.68 Mbit/s;23.41 Mbit/s;5.09 ms;< 1 ms;23.7 Mbit/s;22.81 Mbit/s;0.0 %;5.91 ms;PTT Metro de Sao Paulo - Nodo 2;;;;;
09/08/15 15:48;24.46 Mbit/s;24.45 Mbit/s;< 1 ms;< 1 ms;24.13 Mbit/s;22.3 Mbit/s;0.0 %;4.78 ms;PTT Metro de Sao Paulo - Nodo 3;;;;;
09/08/15 14:48;22.51 Mbit/s;24.44 Mbit/s;< 1 ms;< 1 ms;23.5 Mbit/s;22.47 Mbit/s;0.0 %;4.85 ms;PTT Metro de Sao Paulo - Nodo 2;;;;;
09/08/15 10:49;23.5 Mbit/s;21.14 Mbit/s;< 1 ms;< 1 ms;21.85 Mbit/s;21.41 Mbit/s;0.0 %;4.49 ms;PTT Metro de Sao Paulo - Nodo 3;;;;;
09/08/15 09:48;24.48 Mbit/s;23.84 Mbit/s;< 1 ms;4.04 ms;24.13 Mbit/s;21.17 Mbit/s;0.0 %;4.59 ms;PTT Metro de Sao Paulo - Nodo 2;;;;;
09/08/15 08:48;24.89 Mbit/s;24.12 Mbit/s;< 1 ms;< 1 ms;24.34 Mbit/s;21.78 Mbit/s;0.0 %;4.71 ms;PTT Metro de Sao Paulo - Nodo 1;;;;;
09/08/15 07:48;24.62 Mbit/s;24.33 Mbit/s;< 1 ms;< 1 ms;23.76 Mbit/s;22.42 Mbit/s;0.0 %;11.7 ms;PTT Metro do Rio de Janeiro - Nodo 1;;;;;
09/08/15 06:48;24.95 Mbit/s;24.54 Mbit/s;< 1 ms;< 1 ms;24.27 Mbit/s;22.3 Mbit/s;0.0 %;5.32 ms;PTT Metro de Sao Paulo - Nodo 2 - PIX ALOG Tambore;;;;;
09/08/15 05:48;24.91 Mbit/s;24.38 Mbit/s;< 1 ms;< 1 ms;23.59 Mbit/s;22.66 Mbit/s;0.0 %;4.76 ms;PTT Metro de Sao Paulo - Nodo 2;;;;;
09/08/15 04:48;24.67 Mbit/s;24.42 Mbit/s;< 1 ms;< 1 ms;24.26 Mbit/s;21.52 Mbit/s;0.0 %;4.67 ms;PTT Metro de Sao Paulo - Nodo 1;;;;;
09/08/15 03:48;24.94 Mbit/s;24.18 Mbit/s;< 1 ms;< 1 ms;24.35 Mbit/s;22.79 Mbit/s;0.0 %;5.23 ms;PTT Metro de Sao Paulo - Nodo 2 - PIX ALOG Tambore;;;;;
09/08/15 02:48;24.99 Mbit/s;24.41 Mbit/s;< 1 ms;< 1 ms;24.25 Mbit/s;22.6 Mbit/s;0.0 %;5.07 ms;PTT Metro de Sao Paulo - PIX ALOG Tambore;;;;;
09/08/15 01:48;23.71 Mbit/s;24.53 Mbit/s;< 1 ms;< 1 ms;23.8 Mbit/s;22.5 Mbit/s;0.0 %;4.77 ms;PTT Metro de Sao Paulo - Nodo 2;;;;;
09/08/15 00:48;24.82 Mbit/s;24.47 Mbit/s;< 1 ms;1.98 ms;24.36 Mbit/s;22.51 Mbit/s;0.0 %;4.63 ms;PTT Metro de Sao Paulo - Nodo 1;;;;;
08/08/15 23:48;24.96 Mbit/s;23.75 Mbit/s;< 1 ms;1.87 ms;24.33 Mbit/s;22.2 Mbit/s;0.0 %;4.63 ms;PTT Metro de Sao Paulo - Nodo 4;;;;;
08/08/15 22:48;21.28 Mbit/s;24.18 Mbit/s;6.73 ms;< 1 ms;22.68 Mbit/s;22.65 Mbit/s;0.0 %;7.01 ms;PTT Metro de Sao Paulo - Nodo 3 - PIX ALOG Tambore;;;;;
08/08/15 20:48;23.77 Mbit/s;24.5 Mbit/s;< 1 ms;3.29 ms;23.76 Mbit/s;21.67 Mbit/s;0.0 %;4.69 ms;PTT Metro de Sao Paulo - Nodo 3;;;;;
08/08/15 19:48;18.82 Mbit/s;24.18 Mbit/s;< 1 ms;1.57 ms;20.29 Mbit/s;20.23 Mbit/s;0.0 %;4.68 ms;PTT Metro de Sao Paulo - Nodo 2;;;;;
08/08/15 18:48;23.49 Mbit/s;23.56 Mbit/s;< 1 ms;< 1 ms;23.77 Mbit/s;22.86 Mbit/s;0.0 %;7.53 ms;PTT Metro de Sao Paulo - Nodo 1;;;;;
08/08/15 17:48;24.36 Mbit/s;24.55 Mbit/s;< 1 ms;< 1 ms;23.91 Mbit/s;22.39 Mbit/s;0.0 %;5.1 ms;PTT Metro de Sao Paulo - PIX ALOG Tambore;;;;;
08/08/15 16:48;24.49 Mbit/s;24.33 Mbit/s;< 1 ms;< 1 ms;24.14 Mbit/s;21.8 Mbit/s;0.0 %;4.8 ms;PTT Metro de Sao Paulo - Nodo 3;;;;;
08/08/15 15:48;22.36 Mbit/s;24.37 Mbit/s;< 1 ms;< 1 ms;23.23 Mbit/s;22.56 Mbit/s;0.0 %;5.45 ms;PTT Metro de Sao Paulo - PIX ALOG Tambore;;;;;
08/08/15 14:48;23.42 Mbit/s;24.5 Mbit/s;< 1 ms;< 1 ms;23.55 Mbit/s;22.53 Mbit/s;0.0 %;4.76 ms;PTT Metro de Sao Paulo - Nodo 1;;;;;
08/08/15 13:48;22.37 Mbit/s;21.66 Mbit/s;< 1 ms;< 1 ms;23.37 Mbit/s;22.89 Mbit/s;0.0 %;5.05 ms;PTT Metro de Sao Paulo - Nodo 4;;;;;
08/08/15 12:48;20.86 Mbit/s;22.48 Mbit/s;< 1 ms;1.1 ms;22.27 Mbit/s;20.62 Mbit/s;0.0 %;6.14 ms;PTT Metro de Sao Paulo - PIX ALOG Tambore;;;;;
08/08/15 11:48;22.3 Mbit/s;24.35 Mbit/s;< 1 ms;1.5 ms;23.26 Mbit/s;22.51 Mbit/s;0.0 %;4.72 ms;PTT Metro de Sao Paulo - Nodo 2;;;;;
08/08/15 09:48;23.56 Mbit/s;24.17 Mbit/s;< 1 ms;< 1 ms;23.76 Mbit/s;21.91 Mbit/s;0.0 %;4.53 ms;PTT Metro de Sao Paulo - Nodo 4;;;;;
08/08/15 08:48;24.9 Mbit/s;24.56 Mbit/s;< 1 ms;< 1 ms;24.26 Mbit/s;22.51 Mbit/s;0.0 %;5.71 ms;PTT Metro de Sao Paulo - Nodo 3 - PIX ALOG Tambore;;;;;
08/08/15 07:48;21.29 Mbit/s;22.06 Mbit/s;< 1 ms;< 1 ms;22.84 Mbit/s;22.28 Mbit/s;0.0 %;4.74 ms;PTT Metro de Sao Paulo - Nodo 2;;;;;
08/08/15 05:48;24.98 Mbit/s;24.07 Mbit/s;< 1 ms;< 1 ms;24.35 Mbit/s;22.77 Mbit/s;0.0 %;4.58 ms;PTT Metro de Sao Paulo - Nodo 4;;;;;
08/08/15 04:48;22.3 Mbit/s;24.27 Mbit/s;< 1 ms;< 1 ms;23.41 Mbit/s;22.73 Mbit/s;0.0 %;4.69 ms;PTT Metro de Sao Paulo - Nodo 3;;;;;
08/08/15 00:48;24.77 Mbit/s;24.5 Mbit/s;< 1 ms;< 1 ms;24.27 Mbit/s;22.33 Mbit/s;0.0 %;5.13 ms;PTT Metro de Sao Paulo - PIX ALOG Tambore;;;;;
07/08/15 23:48;23.06 Mbit/s;24.43 Mbit/s;< 1 ms;< 1 ms;23.77 Mbit/s;21.51 Mbit/s;0.0 %;9.99 ms;PTT Metro de Sao Paulo - Nodo 3 - PIX ALOG Tambore;;;;;
07/08/15 22:48;22.35 Mbit/s;21.99 Mbit/s;< 1 ms;< 1 ms;21.84 Mbit/s;20.05 Mbit/s;0.0 %;6.27 ms;PTT Metro de Sao Paulo - Nodo 2 - PIX ALOG Tambore;;;;;
07/08/15 21:48;23.98 Mbit/s;24.56 Mbit/s;< 1 ms;< 1 ms;23.89 Mbit/s;22.49 Mbit/s;0.0 %;4.78 ms;PTT Metro de Sao Paulo - Nodo 4;;;;;
07/08/15 20:48;23.59 Mbit/s;22.71 Mbit/s;3.9 ms;< 1 ms;24.56 Mbit/s;23.18 Mbit/s;0.0 %;7.48 ms;PTT Metro de Sao Paulo - Nodo 3 - PIX ALOG Tambore;;;;;
07/08/15 19:48;23.99 Mbit/s;22.95 Mbit/s;< 1 ms;< 1 ms;23.97 Mbit/s;23.14 Mbit/s;0.0 %;5.03 ms;PTT Metro de Sao Paulo - Nodo 2;;;;;
07/08/15 18:48;23.23 Mbit/s;24.28 Mbit/s;< 1 ms;< 1 ms;22.8 Mbit/s;19.81 Mbit/s;0.0 %;4.79 ms;PTT Metro de Sao Paulo - Nodo 1;;;;;
07/08/15 17:48;19.88 Mbit/s;20.28 Mbit/s;3.46 ms;1.09 ms;21.72 Mbit/s;20.45 Mbit/s;0.0 %;8.32 ms;PTT Metro de Sao Paulo - Nodo 3 - PIX ALOG Tambore;;;;;
07/08/15 16:48;23.03 Mbit/s;23.66 Mbit/s;< 1 ms;< 1 ms;23.61 Mbit/s;22.98 Mbit/s;0.0 %;5.03 ms;PTT Metro de Sao Paulo - Nodo 3;;;;;
07/08/15 15:48;24.84 Mbit/s;23.76 Mbit/s;< 1 ms;< 1 ms;24.0 Mbit/s;22.71 Mbit/s;0.0 %;6.19 ms;PTT Metro de Sao Paulo - PIX ALOG Tambore;;;;;
07/08/15 14:48;21.7 Mbit/s;23.43 Mbit/s;6.06 ms;< 1 ms;22.42 Mbit/s;22.63 Mbit/s;2.07 %;9.93 ms;PTT Metro de Sao Paulo - Nodo 1;;;;;
07/08/15 13:48;20.94 Mbit/s;23.75 Mbit/s;< 1 ms;< 1 ms;22.32 Mbit/s;21.4 Mbit/s;0.0 %;6.56 ms;PTT Metro de Sao Paulo - Nodo 2 - PIX ALOG Tambore;;;;;
07/08/15 12:48;22.92 Mbit/s;23.94 Mbit/s;< 1 ms;< 1 ms;22.94 Mbit/s;18.32 Mbit/s;0.0 %;8.6 ms;PTT Metro de Sao Paulo - PIX ALOG Tambore;;;;;
07/08/15 11:48;21.27 Mbit/s;24.45 Mbit/s;< 1 ms;1.9 ms;22.15 Mbit/s;22.34 Mbit/s;0.0 %;5.17 ms;PTT Metro de Sao Paulo - Nodo 3 - PIX ALOG Tambore;;;;;
07/08/15 10:48;23.36 Mbit/s;24.6 Mbit/s;< 1 ms;< 1 ms;23.55 Mbit/s;21.7 Mbit/s;0.0 %;4.73 ms;PTT Metro de Sao Paulo - Nodo 1;;;;;
07/08/15 09:48;24.41 Mbit/s;24.48 Mbit/s;< 1 ms;< 1 ms;23.93 Mbit/s;21.6 Mbit/s;0.0 %;5.65 ms;PTT Metro de Sao Paulo - Nodo 4;;;;;
07/08/15 08:48;24.79 Mbit/s;24.42 Mbit/s;< 1 ms;< 1 ms;24.2 Mbit/s;22.43 Mbit/s;0.0 %;7.6 ms;PTT Metro de Sao Paulo - Nodo 3;;;;;
07/08/15 07:48;24.95 Mbit/s;23.64 Mbit/s;< 1 ms;4.87 ms;24.34 Mbit/s;21.74 Mbit/s;0.0 %;4.78 ms;PTT Metro de Sao Paulo - Nodo 2;;;;;
07/08/15 06:48;18.99 Mbit/s;21.71 Mbit/s;1.97 ms;< 1 ms;20.82 Mbit/s;22.89 Mbit/s;0.0 %;4.62 ms;PTT Metro de Sao Paulo - Nodo 1;;;;;
07/08/15 05:48;24.86 Mbit/s;24.39 Mbit/s;< 1 ms;< 1 ms;24.29 Mbit/s;21.09 Mbit/s;0.0 %;5.16 ms;PTT Metro de Sao Paulo - Nodo 3 - PIX ALOG Tambore;;;;;
07/08/15 04:48;25.01 Mbit/s;24.56 Mbit/s;< 1 ms;< 1 ms;24.28 Mbit/s;22.49 Mbit/s;0.0 %;4.71 ms;PTT Metro de Sao Paulo - Nodo 3;;;;;
07/08/15 03:48;24.98 Mbit/s;24.38 Mbit/s;< 1 ms;< 1 ms;24.35 Mbit/s;22.58 Mbit/s;0.0 %;5.18 ms;PTT Metro de Sao Paulo - PIX ALOG Tambore;;;;;
07/08/15 02:48;24.94 Mbit/s;24.24 Mbit/s;< 1 ms;< 1 ms;24.15 Mbit/s;22.77 Mbit/s;0.0 %;5.83 ms;PTT Metro de Sao Paulo - Nodo 3 - PIX ALOG Tambore;;;;;
07/08/15 01:48;25.02 Mbit/s;24.07 Mbit/s;< 1 ms;< 1 ms;24.38 Mbit/s;22.44 Mbit/s;0.0 %;4.72 ms;PTT Metro de Sao Paulo - Nodo 4;;;;;
07/08/15 00:48;24.92 Mbit/s;24.56 Mbit/s;< 1 ms;< 1 ms;24.33 Mbit/s;22.23 Mbit/s;0.0 %;5.03 ms;PTT Metro de Sao Paulo - PIX ALOG Tambore;;;;;
06/08/15 23:48;24.9 Mbit/s;24.58 Mbit/s;< 1 ms;1.02 ms;24.37 Mbit/s;22.51 Mbit/s;0.0 %;4.62 ms;PTT Metro de Sao Paulo - Nodo 4;;;;;
06/08/15 22:48;24.77 Mbit/s;22.0 Mbit/s;< 1 ms;2.63 ms;24.21 Mbit/s;23.02 Mbit/s;0.0 %;4.87 ms;PTT Metro de Sao Paulo - Nodo 2;;;;;
06/08/15 21:48;23.45 Mbit/s;23.44 Mbit/s;< 1 ms;< 1 ms;23.65 Mbit/s;22.98 Mbit/s;0.0 %;6.53 ms;PTT Metro de Sao Paulo - Nodo 3;;;;;
06/08/15 20:48;23.4 Mbit/s;24.48 Mbit/s;< 1 ms;< 1 ms;24.31 Mbit/s;22.56 Mbit/s;0.0 %;4.87 ms;PTT Metro de Sao Paulo - Nodo 1;;;;;
06/08/15 19:48;22.36 Mbit/s;24.44 Mbit/s;< 1 ms;< 1 ms;23.32 Mbit/s;21.95 Mbit/s;0.0 %;7.16 ms;PTT Metro de Sao Paulo - Nodo 2 - PIX ALOG Tambore;;;;;
06/08/15 18:48;22.76 Mbit/s;23.21 Mbit/s;< 1 ms;< 1 ms;23.51 Mbit/s;23.05 Mbit/s;0.0 %;6.63 ms;PTT Metro de Sao Paulo - Nodo 2;;;;;
06/08/15 17:48;24.67 Mbit/s;24.41 Mbit/s;< 1 ms;< 1 ms;24.45 Mbit/s;21.64 Mbit/s;0.0 %;6.06 ms;PTT Metro de Sao Paulo - Nodo 3 - PIX ALOG Tambore;;;;;
06/08/15 16:48;24.06 Mbit/s;22.84 Mbit/s;< 1 ms;< 1 ms;23.81 Mbit/s;23.02 Mbit/s;0.0 %;5.4 ms;PTT Metro de Sao Paulo - Nodo 1;;;;;
06/08/15 15:48;22.6 Mbit/s;24.45 Mbit/s;< 1 ms;< 1 ms;22.21 Mbit/s;22.47 Mbit/s;0.0 %;6.64 ms;PTT Metro de Sao Paulo - Nodo 4;;;;;
06/08/15 14:48;21.58 Mbit/s;23.59 Mbit/s;5.04 ms;< 1 ms;22.84 Mbit/s;22.17 Mbit/s;0.0 %;8.21 ms;PTT Metro de Sao Paulo - Nodo 2;;;;;
06/08/15 13:48;24.29 Mbit/s;24.46 Mbit/s;< 1 ms;< 1 ms;23.85 Mbit/s;20.91 Mbit/s;0.0 %;5.09 ms;PTT Metro de Sao Paulo - Nodo 3;;;;;
06/08/15 12:48;23.75 Mbit/s;24.46 Mbit/s;< 1 ms;< 1 ms;23.49 Mbit/s;20.49 Mbit/s;0.0 %;5.97 ms;PTT Metro de Sao Paulo - Nodo 1;;;;;
06/08/15 10:48;24.6 Mbit/s;24.47 Mbit/s;< 1 ms;3.98 ms;23.98 Mbit/s;21.77 Mbit/s;0.0 %;4.71 ms;PTT Metro de Sao Paulo - Nodo 2;;;;;
06/08/15 09:48;24.9 Mbit/s;24.45 Mbit/s;< 1 ms;< 1 ms;24.27 Mbit/s;21.87 Mbit/s;0.0 %;5.14 ms;PTT Metro de Sao Paulo - PIX ALOG Tambore;;;;;
06/08/15 08:48;25.02 Mbit/s;24.52 Mbit/s;< 1 ms;< 1 ms;24.16 Mbit/s;22.22 Mbit/s;0.0 %;4.71 ms;PTT Metro de Sao Paulo - Nodo 1;;;;;
06/08/15 07:48;22.76 Mbit/s;22.26 Mbit/s;< 1 ms;< 1 ms;22.81 Mbit/s;21.46 Mbit/s;0.0 %;4.55 ms;PTT Metro de Sao Paulo - Nodo 4;;;;;
06/08/15 06:48;21.59 Mbit/s;23.29 Mbit/s;< 1 ms;< 1 ms;22.77 Mbit/s;23.1 Mbit/s;0.0 %;4.98 ms;PTT Metro de Sao Paulo - PIX ALOG Tambore;;;;;
06/08/15 05:48;24.78 Mbit/s;24.42 Mbit/s;< 1 ms;< 1 ms;24.33 Mbit/s;22.62 Mbit/s;0.0 %;4.65 ms;PTT Metro de Sao Paulo - Nodo 3;;;;;
06/08/15 04:48;24.99 Mbit/s;24.25 Mbit/s;< 1 ms;< 1 ms;24.37 Mbit/s;22.45 Mbit/s;0.0 %;4.55 ms;PTT Metro de Sao Paulo - Nodo 1;;;;;
06/08/15 03:48;24.9 Mbit/s;24.58 Mbit/s;< 1 ms;< 1 ms;24.34 Mbit/s;19.98 Mbit/s;0.0 %;5.42 ms;PTT Metro de Sao Paulo - Nodo 4;;;;;
06/08/15 01:48;24.41 Mbit/s;24.52 Mbit/s;< 1 ms;< 1 ms;24.1 Mbit/s;21.84 Mbit/s;0.0 %;4.7 ms;PTT Metro de Sao Paulo - Nodo 3;;;;;
05/08/15 23:48;24.78 Mbit/s;24.44 Mbit/s;< 1 ms;< 1 ms;24.22 Mbit/s;22.31 Mbit/s;0.0 %;4.63 ms;PTT Metro de Sao Paulo - Nodo 2;;;;;
05/08/15 22:48;23.6 Mbit/s;24.37 Mbit/s;< 1 ms;< 1 ms;23.67 Mbit/s;22.63 Mbit/s;0.0 %;5.14 ms;PTT Metro de Sao Paulo - Nodo 2 - PIX ALOG Tambore;;;;;
05/08/15 21:48;24.87 Mbit/s;24.43 Mbit/s;< 1 ms;< 1 ms;24.37 Mbit/s;22.37 Mbit/s;0.0 %;6.76 ms;PTT Metro de Sao Paulo - Nodo 1;;;;;
05/08/15 20:48;19.7 Mbit/s;24.4 Mbit/s;< 1 ms;< 1 ms;21.02 Mbit/s;20.67 Mbit/s;0.0 %;5.56 ms;PTT Metro de Sao Paulo - Nodo 3;;;;;
05/08/15 19:48;24.69 Mbit/s;24.39 Mbit/s;< 1 ms;< 1 ms;24.19 Mbit/s;22.54 Mbit/s;0.0 %;6.71 ms;PTT Metro de Sao Paulo - Nodo 2 - PIX ALOG Tambore;;;;;
05/08/15 18:48;21.5 Mbit/s;23.72 Mbit/s;< 1 ms;1.74 ms;22.77 Mbit/s;22.94 Mbit/s;0.0 %;6.84 ms;PTT Metro de Sao Paulo - Nodo 4;;;;;
05/08/15 16:48;13.3 Mbit/s;19.64 Mbit/s;2.98 ms;< 1 ms;14.23 Mbit/s;19.73 Mbit/s;0.67 %;59.21 ms;PTT Metro de Sao Paulo - PIX ALOG Tambore;;;;;
05/08/15 15:48;17.58 Mbit/s;22.03 Mbit/s;6.11 ms;< 1 ms;19.11 Mbit/s;22.05 Mbit/s;1.36 %;62.57 ms;PTT Metro de Sao Paulo - Nodo 2;;;;;
05/08/15 14:48;12.74 Mbit/s;18.96 Mbit/s;2.37 ms;< 1 ms;13.96 Mbit/s;19.78 Mbit/s;0.0 %;48.45 ms;PTT Metro de Sao Paulo - Nodo 4;;;;;
05/08/15 13:48;21.68 Mbit/s;24.12 Mbit/s;4.85 ms;2.76 ms;22.8 Mbit/s;22.66 Mbit/s;0.0 %;44.08 ms;PTT Metro de Sao Paulo - Nodo 1;;;;;
05/08/15 12:48;19.76 Mbit/s;24.18 Mbit/s;2.24 ms;2.03 ms;21.68 Mbit/s;18.71 Mbit/s;0.0 %;23.84 ms;PTT Metro de Sao Paulo - Nodo 2 - PIX ALOG Tambore;;;;;
05/08/15 11:48;22.63 Mbit/s;22.0 Mbit/s;1.11 ms;< 1 ms;22.52 Mbit/s;23.03 Mbit/s;0.0 %;16.02 ms;PTT Metro de Sao Paulo - Nodo 2;;;;;
05/08/15 10:48;23.88 Mbit/s;24.5 Mbit/s;< 1 ms;5.29 ms;23.89 Mbit/s;21.69 Mbit/s;0.0 %;5.05 ms;PTT Metro de Sao Paulo - Nodo 4;;;;;
05/08/15 08:48;22.26 Mbit/s;24.38 Mbit/s;< 1 ms;< 1 ms;22.9 Mbit/s;22.37 Mbit/s;0.0 %;5.13 ms;PTT Metro de Sao Paulo - PIX ALOG Tambore;;;;;
05/08/15 07:48;21.86 Mbit/s;24.49 Mbit/s;< 1 ms;< 1 ms;23.16 Mbit/s;19.83 Mbit/s;0.0 %;4.53 ms;PTT Metro de Sao Paulo - Nodo 2;;;;;
05/08/15 06:48;20.43 Mbit/s;24.45 Mbit/s;< 1 ms;< 1 ms;22.13 Mbit/s;22.54 Mbit/s;0.0 %;4.6 ms;PTT Metro de Sao Paulo - Nodo 3;;;;;
05/08/15 05:48;24.94 Mbit/s;24.55 Mbit/s;< 1 ms;< 1 ms;24.24 Mbit/s;22.22 Mbit/s;0.0 %;4.6 ms;PTT Metro de Sao Paulo - Nodo 2;;;;;
05/08/15 04:48;25.02 Mbit/s;24.59 Mbit/s;< 1 ms;< 1 ms;24.42 Mbit/s;22.36 Mbit/s;0.0 %;4.62 ms;PTT Metro de Sao Paulo - Nodo 1;;;;;
05/08/15 03:48;24.67 Mbit/s;24.56 Mbit/s;< 1 ms;< 1 ms;24.31 Mbit/s;21.85 Mbit/s;0.0 %;4.67 ms;PTT Metro de Sao Paulo - Nodo 4;;;;;
05/08/15 02:48;24.86 Mbit/s;24.45 Mbit/s;< 1 ms;< 1 ms;24.3 Mbit/s;22.53 Mbit/s;0.0 %;5.83 ms;PTT Metro de Sao Paulo - PIX ALOG Tambore;;;;;
05/08/15 01:48;24.75 Mbit/s;24.37 Mbit/s;< 1 ms;< 1 ms;24.28 Mbit/s;22.62 Mbit/s;0.0 %;4.75 ms;PTT Metro de Sao Paulo - Nodo 3;;;;;
05/08/15 00:48;22.15 Mbit/s;24.57 Mbit/s;< 1 ms;< 1 ms;23.24 Mbit/s;22.43 Mbit/s;0.0 %;4.78 ms;PTT Metro de Sao Paulo - Nodo 2;;;;;
04/08/15 23:48;21.52 Mbit/s;24.46 Mbit/s;< 1 ms;< 1 ms;22.42 Mbit/s;21.55 Mbit/s;0.0 %;4.62 ms;PTT Metro de Sao Paulo - Nodo 1;;;;;
04/08/15 22:48;23.52 Mbit/s;24.49 Mbit/s;< 1 ms;< 1 ms;23.55 Mbit/s;22.34 Mbit/s;0.0 %;6.25 ms;PTT Metro de Sao Paulo - Nodo 2 - PIX ALOG Tambore;;;;;
04/08/15 21:48;24.95 Mbit/s;24.48 Mbit/s;< 1 ms;< 1 ms;24.51 Mbit/s;22.4 Mbit/s;0.0 %;4.6 ms;PTT Metro de Sao Paulo - Nodo 3;;;;;
04/08/15 20:48;20.71 Mbit/s;23.43 Mbit/s;< 1 ms;< 1 ms;22.31 Mbit/s;22.22 Mbit/s;0.0 %;8.09 ms;PTT Metro de Sao Paulo - Nodo 3 - PIX ALOG Tambore;;;;;
04/08/15 19:48;23.81 Mbit/s;22.7 Mbit/s;< 1 ms;< 1 ms;24.05 Mbit/s;22.8 Mbit/s;0.0 %;5.06 ms;PTT Metro de Sao Paulo - Nodo 2 - PIX ALOG Tambore;;;;;
04/08/15 18:48;20.76 Mbit/s;23.21 Mbit/s;< 1 ms;5.72 ms;22.91 Mbit/s;20.31 Mbit/s;0.0 %;5.45 ms;PTT Metro de Sao Paulo - Nodo 4;;;;;
04/08/15 17:48;22.4 Mbit/s;24.42 Mbit/s;< 1 ms;< 1 ms;23.33 Mbit/s;22.01 Mbit/s;0.0 %;4.58 ms;PTT Metro de Sao Paulo - Nodo 3;;;;;
04/08/15 16:48;23.8 Mbit/s;24.48 Mbit/s;< 1 ms;< 1 ms;23.18 Mbit/s;20.52 Mbit/s;0.0 %;5.54 ms;PTT Metro de Sao Paulo - Nodo 2;;;;;
04/08/15 15:48;24.09 Mbit/s;24.51 Mbit/s;< 1 ms;< 1 ms;23.94 Mbit/s;22.11 Mbit/s;0.0 %;4.55 ms;PTT Metro de Sao Paulo - Nodo 1;;;;;
04/08/15 14:48;23.25 Mbit/s;22.93 Mbit/s;< 1 ms;< 1 ms;23.65 Mbit/s;21.95 Mbit/s;0.0 %;6.71 ms;PTT Metro de Sao Paulo - Nodo 4;;;;;
04/08/15 13:48;20.76 Mbit/s;23.25 Mbit/s;< 1 ms;< 1 ms;22.37 Mbit/s;22.66 Mbit/s;0.0 %;7.11 ms;PTT Metro de Sao Paulo - Nodo 3;;;;;
04/08/15 12:48;23.03 Mbit/s;24.32 Mbit/s;< 1 ms;< 1 ms;23.61 Mbit/s;20.2 Mbit/s;0.0 %;6.64 ms;PTT Metro de Sao Paulo - Nodo 2;;;;;
04/08/15 11:48;19.03 Mbit/s;24.42 Mbit/s;6.78 ms;1.02 ms;20.57 Mbit/s;22.32 Mbit/s;0.0 %;10.1 ms;PTT Metro de Sao Paulo - Nodo 1;;;;;
04/08/15 10:48;19.93 Mbit/s;24.42 Mbit/s;< 1 ms;< 1 ms;21.58 Mbit/s;21.94 Mbit/s;0.0 %;5.25 ms;PTT Metro de Sao Paulo - Nodo 2 - PIX ALOG Tambore;;;;;
04/08/15 08:48;24.96 Mbit/s;24.5 Mbit/s;1.06 ms;< 1 ms;24.31 Mbit/s;22.48 Mbit/s;0.0 %;5.04 ms;PTT Metro de Sao Paulo - Nodo 3 - PIX ALOG Tambore;;;;;
04/08/15 07:48;23.09 Mbit/s;24.47 Mbit/s;< 1 ms;< 1 ms;23.76 Mbit/s;22.37 Mbit/s;0.0 %;4.56 ms;PTT Metro de Sao Paulo - Nodo 1;;;;;
04/08/15 06:48;21.46 Mbit/s;24.42 Mbit/s;< 1 ms;6.26 ms;22.7 Mbit/s;22.56 Mbit/s;0.0 %;4.51 ms;PTT Metro de Sao Paulo - Nodo 4;;;;;
04/08/15 05:48;25.0 Mbit/s;24.48 Mbit/s;< 1 ms;< 1 ms;24.41 Mbit/s;22.58 Mbit/s;0.0 %;5.02 ms;PTT Metro de Sao Paulo - Nodo 3 - PIX ALOG Tambore;;;;;
04/08/15 04:48;24.94 Mbit/s;24.52 Mbit/s;< 1 ms;< 1 ms;24.29 Mbit/s;22.41 Mbit/s;0.0 %;5.12 ms;PTT Metro de Sao Paulo - Nodo 2 - PIX ALOG Tambore;;;;;
04/08/15 03:48;24.71 Mbit/s;24.58 Mbit/s;< 1 ms;< 1 ms;23.39 Mbit/s;22.51 Mbit/s;0.0 %;4.7 ms;PTT Metro de Sao Paulo - Nodo 1;;;;;
04/08/15 02:48;24.68 Mbit/s;24.41 Mbit/s;< 1 ms;< 1 ms;24.3 Mbit/s;22.61 Mbit/s;0.0 %;4.69 ms;PTT Metro de Sao Paulo - Nodo 4;;;;;
04/08/15 01:48;25.06 Mbit/s;24.54 Mbit/s;< 1 ms;< 1 ms;24.37 Mbit/s;22.07 Mbit/s;0.0 %;4.78 ms;PTT Metro de Sao Paulo - Nodo 1;;;;;
04/08/15 00:48;24.87 Mbit/s;24.28 Mbit/s;< 1 ms;< 1 ms;24.31 Mbit/s;22.64 Mbit/s;0.0 %;4.59 ms;PTT Metro de Sao Paulo - Nodo 1;;;;;
03/08/15 23:48;24.67 Mbit/s;24.43 Mbit/s;< 1 ms;< 1 ms;24.24 Mbit/s;22.54 Mbit/s;0.0 %;4.68 ms;PTT Metro de Sao Paulo - Nodo 4;;;;;
03/08/15 22:48;24.69 Mbit/s;24.47 Mbit/s;5.51 ms;< 1 ms;24.0 Mbit/s;22.47 Mbit/s;0.67 %;7.22 ms;PTT Metro de Sao Paulo - Nodo 2 - PIX ALOG Tambore;;;;;
03/08/15 21:48;24.93 Mbit/s;24.56 Mbit/s;< 1 ms;< 1 ms;24.29 Mbit/s;22.4 Mbit/s;0.0 %;5.42 ms;PTT Metro de Sao Paulo - Nodo 2;;;;;
03/08/15 20:48;24.1 Mbit/s;24.0 Mbit/s;< 1 ms;< 1 ms;24.12 Mbit/s;19.82 Mbit/s;0.0 %;4.52 ms;PTT Metro de Sao Paulo - Nodo 1;;;;;
03/08/15 19:48;14.62 Mbit/s;23.74 Mbit/s;6.8 ms;< 1 ms;15.91 Mbit/s;22.79 Mbit/s;0.0 %;5.9 ms;PTT Metro de Sao Paulo - Nodo 4;;;;;
03/08/15 18:48;23.91 Mbit/s;24.41 Mbit/s;< 1 ms;< 1 ms;23.79 Mbit/s;22.56 Mbit/s;0.0 %;6.03 ms;PTT Metro de Sao Paulo - PIX ALOG Tambore;;;;;
03/08/15 17:48;24.89 Mbit/s;24.55 Mbit/s;< 1 ms;< 1 ms;24.32 Mbit/s;22.49 Mbit/s;0.0 %;5.58 ms;PTT Metro de Sao Paulo - Nodo 3;;;;;
03/08/15 15:48;23.26 Mbit/s;21.02 Mbit/s;< 1 ms;1.7 ms;22.92 Mbit/s;21.79 Mbit/s;0.0 %;5.81 ms;PTT Metro de Sao Paulo - Nodo 1;;;;;
03/08/15 14:48;23.24 Mbit/s;24.11 Mbit/s;< 1 ms;< 1 ms;23.76 Mbit/s;20.54 Mbit/s;0.0 %;4.75 ms;PTT Metro de Sao Paulo - Nodo 4;;;;;
03/08/15 13:48;22.92 Mbit/s;24.56 Mbit/s;< 1 ms;< 1 ms;23.59 Mbit/s;21.64 Mbit/s;0.0 %;5.52 ms;PTT Metro de Sao Paulo - Nodo 3;;;;;
03/08/15 12:48;23.71 Mbit/s;21.21 Mbit/s;< 1 ms;< 1 ms;23.43 Mbit/s;20.25 Mbit/s;0.67 %;4.77 ms;PTT Metro de Sao Paulo - Nodo 2;;;;;
03/08/15 11:48;22.08 Mbit/s;24.37 Mbit/s;< 1 ms;< 1 ms;23.17 Mbit/s;21.75 Mbit/s;0.0 %;4.65 ms;PTT Metro de Sao Paulo - Nodo 1;;;;;
03/08/15 10:48;24.65 Mbit/s;23.73 Mbit/s;6.66 ms;1.77 ms;24.25 Mbit/s;22.93 Mbit/s;0.0 %;5.72 ms;PTT Metro de Sao Paulo - Nodo 4;;;;;
03/08/15 09:48;24.99 Mbit/s;24.37 Mbit/s;4.21 ms;< 1 ms;24.39 Mbit/s;22.61 Mbit/s;0.0 %;4.66 ms;PTT Metro de Sao Paulo - Nodo 3;;;;;
03/08/15 08:48;24.12 Mbit/s;20.88 Mbit/s;< 1 ms;< 1 ms;24.13 Mbit/s;22.3 Mbit/s;0.0 %;4.63 ms;PTT Metro de Sao Paulo - Nodo 2;;;;;
03/08/15 07:48;21.28 Mbit/s;24.29 Mbit/s;< 1 ms;< 1 ms;22.43 Mbit/s;20.36 Mbit/s;0.0 %;4.61 ms;PTT Metro de Sao Paulo - Nodo 1;;;;;
03/08/15 06:48;24.57 Mbit/s;23.67 Mbit/s;6.25 ms;< 1 ms;24.23 Mbit/s;20.63 Mbit/s;0.0 %;8.34 ms;PTT Metro de Sao Paulo - Nodo 4;;;;;
03/08/15 05:48;22.14 Mbit/s;24.52 Mbit/s;< 1 ms;< 1 ms;23.37 Mbit/s;21.99 Mbit/s;0.0 %;5.3 ms;PTT Metro de Sao Paulo - Nodo 3 - PIX ALOG Tambore;;;;;
03/08/15 03:48;25.03 Mbit/s;24.58 Mbit/s;< 1 ms;< 1 ms;24.37 Mbit/s;22.44 Mbit/s;0.0 %;4.79 ms;PTT Metro de Sao Paulo - Nodo 2;;;;;
03/08/15 02:48;25.0 Mbit/s;24.45 Mbit/s;< 1 ms;< 1 ms;24.08 Mbit/s;22.46 Mbit/s;0.0 %;4.81 ms;PTT Metro de Sao Paulo - Nodo 1;;;;;
03/08/15 01:48;24.96 Mbit/s;24.47 Mbit/s;< 1 ms;1.2 ms;24.25 Mbit/s;22.56 Mbit/s;0.0 %;4.74 ms;PTT Metro de Sao Paulo - Nodo 3;;;;;
03/08/15 00:48;24.96 Mbit/s;24.5 Mbit/s;< 1 ms;1.99 ms;24.35 Mbit/s;22.55 Mbit/s;0.0 %;4.74 ms;PTT Metro de Sao Paulo - Nodo 4;;;;;
02/08/15 23:48;24.96 Mbit/s;24.49 Mbit/s;< 1 ms;< 1 ms;24.4 Mbit/s;22.59 Mbit/s;0.0 %;5.17 ms;PTT Metro de Sao Paulo - Nodo 3 - PIX ALOG Tambore;;;;;
02/08/15 22:48;25.03 Mbit/s;24.58 Mbit/s;< 1 ms;< 1 ms;24.42 Mbit/s;22.47 Mbit/s;0.0 %;4.81 ms;PTT Metro de Sao Paulo - Nodo 1;;;;;
02/08/15 21:48;24.7 Mbit/s;23.72 Mbit/s;< 1 ms;< 1 ms;24.23 Mbit/s;22.59 Mbit/s;0.0 %;4.77 ms;PTT Metro de Sao Paulo - Nodo 3;;;;;
02/08/15 20:48;24.86 Mbit/s;23.5 Mbit/s;< 1 ms;< 1 ms;24.27 Mbit/s;22.88 Mbit/s;0.0 %;4.58 ms;PTT Metro de Sao Paulo - Nodo 4;;;;;
02/08/15 19:48;24.95 Mbit/s;23.3 Mbit/s;6.48 ms;< 1 ms;23.82 Mbit/s;22.78 Mbit/s;0.0 %;6.46 ms;PTT Metro de Sao Paulo - Nodo 2;;;;;
02/08/15 17:48;24.63 Mbit/s;24.36 Mbit/s;< 1 ms;< 1 ms;24.29 Mbit/s;20.18 Mbit/s;0.0 %;4.6 ms;PTT Metro de Sao Paulo - Nodo 3;;;;;
02/08/15 16:48;22.53 Mbit/s;23.5 Mbit/s;< 1 ms;< 1 ms;23.39 Mbit/s;22.93 Mbit/s;0.0 %;7.94 ms;PTT Metro de Sao Paulo - Nodo 4;;;;;
02/08/15 15:48;23.74 Mbit/s;24.5 Mbit/s;< 1 ms;1.0 ms;23.83 Mbit/s;20.9 Mbit/s;0.0 %;5.05 ms;PTT Metro de Sao Paulo - Nodo 3 - PIX ALOG Tambore;;;;;
02/08/15 13:48;24.9 Mbit/s;22.69 Mbit/s;< 1 ms;1.35 ms;24.47 Mbit/s;22.07 Mbit/s;0.0 %;4.6 ms;PTT Metro de Sao Paulo - Nodo 1;;;;;
02/08/15 12:48;21.9 Mbit/s;24.45 Mbit/s;< 1 ms;< 1 ms;23.23 Mbit/s;17.74 Mbit/s;0.0 %;6.64 ms;PTT Metro de Sao Paulo - Nodo 4;;;;;
02/08/15 11:48;25.0 Mbit/s;24.54 Mbit/s;< 1 ms;2.27 ms;24.37 Mbit/s;22.43 Mbit/s;0.0 %;4.63 ms;PTT Metro de Sao Paulo - Nodo 3;;;;;
02/08/15 10:48;24.64 Mbit/s;21.91 Mbit/s;< 1 ms;2.8 ms;23.74 Mbit/s;22.9 Mbit/s;0.0 %;4.58 ms;PTT Metro de Sao Paulo - Nodo 2;;;;;
02/08/15 09:48;24.75 Mbit/s;24.38 Mbit/s;2.53 ms;< 1 ms;24.15 Mbit/s;19.42 Mbit/s;0.0 %;5.6 ms;PTT Metro de Sao Paulo - Nodo 1;;;;;
02/08/15 08:48;24.29 Mbit/s;24.42 Mbit/s;< 1 ms;< 1 ms;24.0 Mbit/s;22.52 Mbit/s;0.0 %;5.13 ms;PTT Metro de Sao Paulo - Nodo 2 - PIX ALOG Tambore;;;;;
02/08/15 07:48;25.07 Mbit/s;24.53 Mbit/s;< 1 ms;< 1 ms;24.36 Mbit/s;22.53 Mbit/s;0.0 %;4.61 ms;PTT Metro de Sao Paulo - Nodo 3;;;;;
02/08/15 06:48;23.97 Mbit/s;23.66 Mbit/s;< 1 ms;< 1 ms;24.11 Mbit/s;22.14 Mbit/s;0.0 %;4.7 ms;PTT Metro de Sao Paulo - Nodo 2;;;;;
02/08/15 05:48;23.87 Mbit/s;24.54 Mbit/s;< 1 ms;< 1 ms;23.9 Mbit/s;22.41 Mbit/s;0.0 %;4.72 ms;PTT Metro de Sao Paulo - Nodo 1;;;;;
02/08/15 04:48;16.09 Mbit/s;21.66 Mbit/s;< 1 ms;< 1 ms;17.7 Mbit/s;21.89 Mbit/s;0.0 %;15.47 ms;PTT Metro de Sao Paulo - Nodo 4;;;;;
02/08/15 03:48;23.28 Mbit/s;24.4 Mbit/s;< 1 ms;< 1 ms;23.63 Mbit/s;22.49 Mbit/s;0.0 %;4.56 ms;PTT Metro de Sao Paulo - Nodo 3;;;;;
02/08/15 02:48;25.07 Mbit/s;24.5 Mbit/s;< 1 ms;< 1 ms;24.38 Mbit/s;22.58 Mbit/s;0.0 %;5.19 ms;PTT Metro de Sao Paulo - Nodo 2 - PIX ALOG Tambore;;;;;
02/08/15 01:48;24.86 Mbit/s;24.41 Mbit/s;< 1 ms;< 1 ms;24.09 Mbit/s;21.74 Mbit/s;0.0 %;4.8 ms;PTT Metro de Sao Paulo - Nodo 1;;;;;
02/08/15 00:48;25.0 Mbit/s;24.51 Mbit/s;< 1 ms;4.95 ms;24.15 Mbit/s;22.45 Mbit/s;0.0 %;5.14 ms;PTT Metro de Sao Paulo - Nodo 3 - PIX ALOG Tambore;;;;;
01/08/15 22:48;24.85 Mbit/s;22.54 Mbit/s;< 1 ms;< 1 ms;24.37 Mbit/s;22.87 Mbit/s;0.0 %;6.7 ms;PTT Metro de Sao Paulo - Nodo 2;;;;;
01/08/15 21:48;24.56 Mbit/s;24.53 Mbit/s;< 1 ms;< 1 ms;24.01 Mbit/s;21.29 Mbit/s;0.0 %;8.88 ms;PTT Metro de Sao Paulo - Nodo 3 - PIX ALOG Tambore;;;;;
01/08/15 20:48;22.78 Mbit/s;24.38 Mbit/s;6.07 ms;< 1 ms;23.59 Mbit/s;22.58 Mbit/s;0.0 %;6.57 ms;PTT Metro de Sao Paulo - Nodo 4;;;;;
01/08/15 19:48;24.83 Mbit/s;24.44 Mbit/s;< 1 ms;< 1 ms;24.38 Mbit/s;21.35 Mbit/s;0.0 %;5.62 ms;PTT Metro de Sao Paulo - Nodo 3;;;;;
01/08/15 18:48;24.65 Mbit/s;21.98 Mbit/s;< 1 ms;2.08 ms;24.03 Mbit/s;18.8 Mbit/s;0.0 %;5.53 ms;PTT Metro de Sao Paulo - Nodo 2;;;;;
01/08/15 17:48;23.22 Mbit/s;24.47 Mbit/s;< 1 ms;< 1 ms;23.54 Mbit/s;19.97 Mbit/s;0.0 %;6.52 ms;PTT Metro de Sao Paulo - PIX ALOG Tambore;;;;;
01/08/15 16:48;22.19 Mbit/s;22.03 Mbit/s;< 1 ms;3.42 ms;23.23 Mbit/s;22.53 Mbit/s;0.0 %;6.19 ms;PTT Metro de Sao Paulo - Nodo 3 - PIX ALOG Tambore;;;;;
01/08/15 15:48;23.08 Mbit/s;22.56 Mbit/s;< 1 ms;< 1 ms;23.73 Mbit/s;23.0 Mbit/s;0.0 %;4.65 ms;PTT Metro de Sao Paulo - Nodo 2;;;;;
01/08/15 14:48;23.0 Mbit/s;20.82 Mbit/s;< 1 ms;< 1 ms;23.66 Mbit/s;21.07 Mbit/s;0.0 %;5.04 ms;PTT Metro de Sao Paulo - PIX ALOG Tambore;;;;;
01/08/15 13:48;24.42 Mbit/s;23.56 Mbit/s;< 1 ms;< 1 ms;23.85 Mbit/s;22.86 Mbit/s;0.0 %;4.67 ms;PTT Metro de Sao Paulo - Nodo 4;;;;;
01/08/15 12:48;25.0 Mbit/s;24.44 Mbit/s;1.05 ms;1.38 ms;24.01 Mbit/s;22.56 Mbit/s;0.0 %;5.17 ms;PTT Metro de Sao Paulo - Nodo 2 - PIX ALOG Tambore;;;;;
01/08/15 11:48;24.17 Mbit/s;24.41 Mbit/s;< 1 ms;< 1 ms;23.92 Mbit/s;22.41 Mbit/s;0.0 %;4.69 ms;PTT Metro de Sao Paulo - Nodo 2;;;;;
01/08/15 10:48;24.57 Mbit/s;22.95 Mbit/s;< 1 ms;< 1 ms;23.81 Mbit/s;22.93 Mbit/s;0.0 %;5.07 ms;PTT Metro de Sao Paulo - Nodo 3 - PIX ALOG Tambore;;;;;
01/08/15 09:48;24.72 Mbit/s;24.59 Mbit/s;< 1 ms;< 1 ms;24.26 Mbit/s;22.42 Mbit/s;0.0 %;4.47 ms;PTT Metro de Sao Paulo - Nodo 4;;;;;
01/08/15 08:48;24.98 Mbit/s;24.52 Mbit/s;< 1 ms;1.31 ms;24.41 Mbit/s;22.51 Mbit/s;0.0 %;4.61 ms;PTT Metro de Sao Paulo - Nodo 3;;;;;
01/08/15 07:48;23.08 Mbit/s;24.48 Mbit/s;< 1 ms;< 1 ms;23.75 Mbit/s;22.45 Mbit/s;0.0 %;4.6 ms;PTT Metro de Sao Paulo - Nodo 2;;;;;
01/08/15 06:48;24.99 Mbit/s;24.52 Mbit/s;< 1 ms;< 1 ms;24.12 Mbit/s;22.45 Mbit/s;0.0 %;4.55 ms;PTT Metro de Sao Paulo - Nodo 1;;;;;
01/08/15 05:48;24.91 Mbit/s;24.53 Mbit/s;< 1 ms;< 1 ms;24.31 Mbit/s;22.55 Mbit/s;0.0 %;5.14 ms;PTT Metro de Sao Paulo - Nodo 3 - PIX ALOG Tambore;;;;;
01/08/15 04:48;25.03 Mbit/s;24.58 Mbit/s;< 1 ms;< 1 ms;24.18 Mbit/s;22.24 Mbit/s;0.0 %;6.07 ms;PTT Metro de Sao Paulo - Nodo 2 - PIX ALOG Tambore;;;;;
01/08/15 02:48;25.03 Mbit/s;24.58 Mbit/s;< 1 ms;< 1 ms;24.35 Mbit/s;22.45 Mbit/s;0.0 %;4.71 ms;PTT Metro de Sao Paulo - Nodo 1;;;;;
01/08/15 01:48;24.95 Mbit/s;24.42 Mbit/s;< 1 ms;< 1 ms;24.35 Mbit/s;22.61 Mbit/s;0.0 %;4.77 ms;PTT Metro de Sao Paulo - Nodo 4;;;;;
01/08/15 00:48;25.03 Mbit/s;24.44 Mbit/s;< 1 ms;< 1 ms;24.34 Mbit/s;22.52 Mbit/s;0.0 %;7.28 ms;PTT Metro de Sao Paulo - PIX ALOG Tambore;;;;;
31/07/15 23:48;24.52 Mbit/s;24.49 Mbit/s;< 1 ms;< 1 ms;24.13 Mbit/s;20.94 Mbit/s;0.0 %;4.74 ms;PTT Metro de Sao Paulo - Nodo 4;;;;;
31/07/15 21:48;20.99 Mbit/s;24.46 Mbit/s;< 1 ms;< 1 ms;22.18 Mbit/s;20.36 Mbit/s;0.0 %;6.44 ms;PTT Metro de Sao Paulo - Nodo 3;;;;;
31/07/15 20:48;24.94 Mbit/s;22.56 Mbit/s;1.4 ms;1.37 ms;24.0 Mbit/s;22.97 Mbit/s;0.0 %;5.6 ms;PTT Metro de Sao Paulo - Nodo 2;;;;;
31/07/15 19:48;24.26 Mbit/s;21.51 Mbit/s;6.05 ms;< 1 ms;24.03 Mbit/s;20.54 Mbit/s;0.0 %;6.75 ms;PTT Metro de Sao Paulo - Nodo 4;;;;;
31/07/15 18:48;23.12 Mbit/s;24.53 Mbit/s;< 1 ms;< 1 ms;23.08 Mbit/s;22.39 Mbit/s;0.0 %;4.58 ms;PTT Metro de Sao Paulo - Nodo 1;;;;;
31/07/15 17:48;22.15 Mbit/s;22.59 Mbit/s;< 1 ms;< 1 ms;23.05 Mbit/s;19.44 Mbit/s;0.0 %;6.14 ms;PTT Metro de Sao Paulo - Nodo 3 - PIX ALOG Tambore;;;;;
31/07/15 16:48;24.67 Mbit/s;24.4 Mbit/s;< 1 ms;< 1 ms;23.73 Mbit/s;20.22 Mbit/s;0.0 %;4.68 ms;PTT Metro de Sao Paulo - Nodo 2;;;;;
31/07/15 15:48;17.2 Mbit/s;24.49 Mbit/s;6.64 ms;1.25 ms;18.42 Mbit/s;22.5 Mbit/s;0.0 %;5.71 ms;PTT Metro de Sao Paulo - Nodo 4;;;;;
31/07/15 14:48;21.1 Mbit/s;24.41 Mbit/s;5.37 ms;< 1 ms;22.33 Mbit/s;22.5 Mbit/s;0.0 %;6.66 ms;PTT Metro de Sao Paulo - Nodo 1;;;;;
31/07/15 13:48;12.08 Mbit/s;24.31 Mbit/s;55.31 ms;< 1 ms;13.27 Mbit/s;16.79 Mbit/s;4.76 %;546.29 ms;PTT Metro de Sao Paulo - Nodo 2 - PIX ALOG Tambore;;;;;
31/07/15 12:48;22.98 Mbit/s;24.49 Mbit/s;5.27 ms;1.09 ms;23.51 Mbit/s;21.76 Mbit/s;0.74 %;17.9 ms;PTT Metro de Sao Paulo - Nodo 2;;;;;
31/07/15 11:48;22.85 Mbit/s;24.53 Mbit/s;< 1 ms;< 1 ms;23.63 Mbit/s;21.6 Mbit/s;0.67 %;4.73 ms;PTT Metro de Sao Paulo - Nodo 4;;;;;
31/07/15 10:48;21.87 Mbit/s;24.49 Mbit/s;< 1 ms;< 1 ms;23.02 Mbit/s;21.78 Mbit/s;0.0 %;4.65 ms;PTT Metro de Sao Paulo - Nodo 1;;;;;
31/07/15 09:48;25.03 Mbit/s;24.48 Mbit/s;< 1 ms;1.34 ms;24.41 Mbit/s;22.48 Mbit/s;0.0 %;4.69 ms;PTT Metro de Sao Paulo - Nodo 3;;;;;
31/07/15 08:48;24.03 Mbit/s;22.44 Mbit/s;< 1 ms;< 1 ms;24.13 Mbit/s;22.13 Mbit/s;0.0 %;4.77 ms;PTT Metro de Sao Paulo - Nodo 2;;;;;
31/07/15 07:48;25.06 Mbit/s;23.58 Mbit/s;< 1 ms;< 1 ms;24.42 Mbit/s;20.93 Mbit/s;0.0 %;4.79 ms;PTT Metro de Sao Paulo - Nodo 4;;;;;
31/07/15 06:48;24.06 Mbit/s;24.58 Mbit/s;< 1 ms;< 1 ms;23.87 Mbit/s;21.8 Mbit/s;0.0 %;4.64 ms;PTT Metro de Sao Paulo - Nodo 1;;;;;
31/07/15 05:49;20.73 Mbit/s;24.52 Mbit/s;< 1 ms;< 1 ms;22.45 Mbit/s;21.48 Mbit/s;0.0 %;4.66 ms;PTT Metro de Sao Paulo - Nodo 3;;;;;
31/07/15 04:48;24.97 Mbit/s;24.46 Mbit/s;< 1 ms;< 1 ms;24.41 Mbit/s;21.94 Mbit/s;0.0 %;4.66 ms;PTT Metro de Sao Paulo - Nodo 2;;;;;
31/07/15 03:48;24.97 Mbit/s;24.54 Mbit/s;< 1 ms;< 1 ms;24.34 Mbit/s;22.55 Mbit/s;0.0 %;4.75 ms;PTT Metro de Sao Paulo - Nodo 4;;;;;
31/07/15 02:48;25.03 Mbit/s;24.22 Mbit/s;1.54 ms;1.41 ms;24.12 Mbit/s;22.67 Mbit/s;0.0 %;4.89 ms;PTT Metro de Sao Paulo - Nodo 1;;;;;
31/07/15 01:48;24.04 Mbit/s;24.55 Mbit/s;< 1 ms;< 1 ms;24.13 Mbit/s;22.32 Mbit/s;0.0 %;4.58 ms;PTT Metro de Sao Paulo - Nodo 3;;;;;
31/07/15 00:48;24.9 Mbit/s;24.46 Mbit/s;< 1 ms;< 1 ms;24.38 Mbit/s;22.45 Mbit/s;0.0 %;5.09 ms;PTT Metro de Sao Paulo - PIX ALOG Tambore;;;;;
30/07/15 23:48;24.98 Mbit/s;24.51 Mbit/s;< 1 ms;8.7 ms;24.41 Mbit/s;22.53 Mbit/s;0.0 %;4.7 ms;PTT Metro de Sao Paulo - Nodo 1;;;;;
30/07/15 22:48;24.41 Mbit/s;24.5 Mbit/s;< 1 ms;1.8 ms;24.13 Mbit/s;19.96 Mbit/s;0.0 %;4.62 ms;PTT Metro de Sao Paulo - Nodo 4;;;;;
30/07/15 21:48;23.23 Mbit/s;24.36 Mbit/s;< 1 ms;< 1 ms;23.72 Mbit/s;22.42 Mbit/s;0.0 %;4.82 ms;PTT Metro de Sao Paulo - Nodo 3;;;;;
30/07/15 20:48;22.18 Mbit/s;24.41 Mbit/s;< 1 ms;< 1 ms;23.15 Mbit/s;21.55 Mbit/s;0.0 %;4.76 ms;PTT Metro de Sao Paulo - Nodo 2;;;;;
30/07/15 19:48;18.93 Mbit/s;23.53 Mbit/s;< 1 ms;< 1 ms;20.76 Mbit/s;20.43 Mbit/s;0.0 %;4.57 ms;PTT Metro de Sao Paulo - Nodo 1;;;;;
30/07/15 18:48;21.6 Mbit/s;21.09 Mbit/s;< 1 ms;< 1 ms;21.71 Mbit/s;22.32 Mbit/s;0.0 %;5.07 ms;PTT Metro de Sao Paulo - PIX ALOG Tambore;;;;;
30/07/15 17:48;23.41 Mbit/s;23.48 Mbit/s;< 1 ms;1.8 ms;24.26 Mbit/s;17.96 Mbit/s;0.0 %;4.56 ms;PTT Metro de Sao Paulo - Nodo 3;;;;;
30/07/15 16:48;23.43 Mbit/s;23.17 Mbit/s;< 1 ms;1.17 ms;23.79 Mbit/s;21.98 Mbit/s;0.0 %;5.05 ms;PTT Metro de Sao Paulo - Nodo 2 - PIX ALOG Tambore;;;;;
30/07/15 15:48;22.57 Mbit/s;22.66 Mbit/s;6.54 ms;< 1 ms;23.16 Mbit/s;20.58 Mbit/s;0.0 %;6.28 ms;PTT Metro de Sao Paulo - PIX ALOG Tambore;;;;;
30/07/15 14:48;24.37 Mbit/s;23.45 Mbit/s;< 1 ms;< 1 ms;23.74 Mbit/s;22.98 Mbit/s;0.0 %;4.57 ms;PTT Metro de Sao Paulo - Nodo 4;;;;;
30/07/15 13:48;18.35 Mbit/s;24.37 Mbit/s;< 1 ms;1.47 ms;20.64 Mbit/s;10.16 Mbit/s;0.0 %;4.66 ms;PTT Metro de Sao Paulo - Nodo 3;;;;;
30/07/15 12:48;21.16 Mbit/s;24.43 Mbit/s;< 1 ms;< 1 ms;22.56 Mbit/s;21.29 Mbit/s;0.0 %;4.72 ms;PTT Metro de Sao Paulo - Nodo 2;;;;;
30/07/15 11:48;24.99 Mbit/s;24.37 Mbit/s;< 1 ms;< 1 ms;24.51 Mbit/s;21.77 Mbit/s;0.0 %;4.66 ms;PTT Metro de Sao Paulo - Nodo 1;;;;;
30/07/15 10:48;24.51 Mbit/s;24.53 Mbit/s;< 1 ms;< 1 ms;23.37 Mbit/s;18.78 Mbit/s;0.0 %;4.56 ms;PTT Metro de Sao Paulo - Nodo 4;;;;;
30/07/15 09:48;24.93 Mbit/s;22.17 Mbit/s;< 1 ms;< 1 ms;24.4 Mbit/s;22.64 Mbit/s;0.0 %;4.65 ms;PTT Metro de Sao Paulo - Nodo 3;;;;;
30/07/15 08:48;24.85 Mbit/s;24.39 Mbit/s;< 1 ms;< 1 ms;24.38 Mbit/s;22.58 Mbit/s;0.0 %;5.89 ms;PTT Metro de Sao Paulo - Nodo 2;;;;;
30/07/15 07:48;23.22 Mbit/s;24.41 Mbit/s;< 1 ms;< 1 ms;23.72 Mbit/s;20.68 Mbit/s;0.0 %;4.61 ms;PTT Metro de Sao Paulo - Nodo 1;;;;;
30/07/15 06:48;24.96 Mbit/s;24.46 Mbit/s;< 1 ms;1.4 ms;24.4 Mbit/s;21.29 Mbit/s;0.0 %;4.6 ms;PTT Metro de Sao Paulo - Nodo 4;;;;;
30/07/15 05:48;24.88 Mbit/s;24.51 Mbit/s;< 1 ms;< 1 ms;24.4 Mbit/s;22.12 Mbit/s;0.0 %;4.71 ms;PTT Metro de Sao Paulo - Nodo 3;;;;;
30/07/15 04:48;24.84 Mbit/s;24.46 Mbit/s;< 1 ms;< 1 ms;24.23 Mbit/s;22.57 Mbit/s;0.0 %;4.76 ms;PTT Metro de Sao Paulo - Nodo 2;;;;;
30/07/15 03:48;25.0 Mbit/s;24.32 Mbit/s;< 1 ms;< 1 ms;24.41 Mbit/s;22.43 Mbit/s;0.0 %;5.08 ms;PTT Metro de Sao Paulo - Nodo 3 - PIX ALOG Tambore;;;;;
30/07/15 02:48;25.01 Mbit/s;24.56 Mbit/s;< 1 ms;< 1 ms;24.38 Mbit/s;22.49 Mbit/s;0.0 %;4.61 ms;PTT Metro de Sao Paulo - Nodo 4;;;;;
30/07/15 01:48;24.99 Mbit/s;24.58 Mbit/s;< 1 ms;< 1 ms;24.33 Mbit/s;22.12 Mbit/s;0.0 %;5.12 ms;PTT Metro de Sao Paulo - PIX ALOG Tambore;;;;;
30/07/15 00:48;24.98 Mbit/s;24.57 Mbit/s;< 1 ms;< 1 ms;24.41 Mbit/s;22.35 Mbit/s;0.0 %;5.11 ms;PTT Metro de Sao Paulo - Nodo 3 - PIX ALOG Tambore;;;;;
29/07/15 23:48;24.99 Mbit/s;22.75 Mbit/s;< 1 ms;1.11 ms;24.41 Mbit/s;22.54 Mbit/s;0.0 %;5.04 ms;PTT Metro de Sao Paulo - Nodo 2 - PIX ALOG Tambore;;;;;
29/07/15 22:48;24.79 Mbit/s;24.5 Mbit/s;< 1 ms;2.14 ms;24.32 Mbit/s;21.86 Mbit/s;0.0 %;4.66 ms;PTT Metro de Sao Paulo - Nodo 3;;;;;
29/07/15 21:48;24.98 Mbit/s;21.91 Mbit/s;< 1 ms;< 1 ms;24.33 Mbit/s;22.86 Mbit/s;0.0 %;4.63 ms;PTT Metro de Sao Paulo - Nodo 1;;;;;
29/07/15 20:48;23.11 Mbit/s;24.57 Mbit/s;< 1 ms;3.91 ms;23.37 Mbit/s;21.6 Mbit/s;0.0 %;4.67 ms;PTT Metro de Sao Paulo - Nodo 4;;;;;
29/07/15 19:48;24.8 Mbit/s;24.56 Mbit/s;< 1 ms;< 1 ms;24.22 Mbit/s;22.32 Mbit/s;0.0 %;4.49 ms;PTT Metro de Sao Paulo - Nodo 2;;;;;
29/07/15 18:48;23.36 Mbit/s;23.92 Mbit/s;< 1 ms;< 1 ms;23.79 Mbit/s;22.69 Mbit/s;0.0 %;5.04 ms;PTT Metro de Sao Paulo - Nodo 3 - PIX ALOG Tambore;;;;;
29/07/15 17:48;23.43 Mbit/s;23.71 Mbit/s;7.01 ms;3.68 ms;23.5 Mbit/s;21.2 Mbit/s;0.0 %;5.44 ms;PTT Metro de Sao Paulo - Nodo 1;;;;;
29/07/15 16:48;22.43 Mbit/s;23.24 Mbit/s;< 1 ms;4.08 ms;22.96 Mbit/s;22.92 Mbit/s;0.0 %;7.04 ms;PTT Metro de Sao Paulo - PIX ALOG Tambore;;;;;
29/07/15 15:48;24.62 Mbit/s;24.17 Mbit/s;< 1 ms;4.62 ms;24.06 Mbit/s;22.0 Mbit/s;0.0 %;5.05 ms;PTT Metro de Sao Paulo - Nodo 3 - PIX ALOG Tambore;;;;;
29/07/15 14:48;21.93 Mbit/s;23.61 Mbit/s;< 1 ms;< 1 ms;23.14 Mbit/s;21.33 Mbit/s;0.0 %;4.72 ms;PTT Metro de Sao Paulo - Nodo 3;;;;;
29/07/15 13:49;22.76 Mbit/s;24.42 Mbit/s;4.62 ms;< 1 ms;23.58 Mbit/s;21.45 Mbit/s;0.0 %;5.68 ms;PTT Metro de Sao Paulo - Nodo 1;;;;;
29/07/15 11:48;24.83 Mbit/s;21.4 Mbit/s;< 1 ms;1.77 ms;24.07 Mbit/s;21.26 Mbit/s;0.0 %;4.6 ms;PTT Metro de Sao Paulo - Nodo 2;;;;;
29/07/15 10:49;23.63 Mbit/s;24.53 Mbit/s;< 1 ms;< 1 ms;23.81 Mbit/s;22.43 Mbit/s;0.0 %;6.55 ms;PTT Metro de Sao Paulo - Nodo 3;;;;;
29/07/15 09:48;24.99 Mbit/s;23.17 Mbit/s;< 1 ms;< 1 ms;24.24 Mbit/s;23.07 Mbit/s;0.0 %;4.56 ms;PTT Metro de Sao Paulo - Nodo 1;;;;;
29/07/15 08:48;24.91 Mbit/s;23.4 Mbit/s;< 1 ms;< 1 ms;24.39 Mbit/s;22.96 Mbit/s;0.0 %;4.58 ms;PTT Metro de Sao Paulo - Nodo 4;;;;;
29/07/15 07:48;24.66 Mbit/s;24.48 Mbit/s;< 1 ms;< 1 ms;24.31 Mbit/s;21.54 Mbit/s;0.0 %;4.65 ms;PTT Metro de Sao Paulo - Nodo 2;;;;;
29/07/15 06:48;24.94 Mbit/s;22.02 Mbit/s;5.45 ms;< 1 ms;24.3 Mbit/s;22.1 Mbit/s;0.0 %;4.55 ms;PTT Metro de Sao Paulo - Nodo 3;;;;;
29/07/15 05:48;25.0 Mbit/s;24.52 Mbit/s;< 1 ms;< 1 ms;24.29 Mbit/s;22.46 Mbit/s;0.0 %;4.73 ms;PTT Metro de Sao Paulo - Nodo 1;;;;;
29/07/15 04:48;25.02 Mbit/s;24.53 Mbit/s;< 1 ms;< 1 ms;24.2 Mbit/s;22.53 Mbit/s;0.0 %;4.51 ms;PTT Metro de Sao Paulo - Nodo 4;;;;;
29/07/15 03:48;24.98 Mbit/s;24.5 Mbit/s;< 1 ms;< 1 ms;24.4 Mbit/s;22.23 Mbit/s;0.0 %;4.68 ms;PTT Metro de Sao Paulo - Nodo 2;;;;;
29/07/15 02:48;24.96 Mbit/s;24.3 Mbit/s;< 1 ms;< 1 ms;24.36 Mbit/s;22.64 Mbit/s;0.0 %;5.09 ms;PTT Metro de Sao Paulo - Nodo 2 - PIX ALOG Tambore;;;;;
29/07/15 01:48;25.02 Mbit/s;24.56 Mbit/s;< 1 ms;< 1 ms;24.1 Mbit/s;22.51 Mbit/s;0.0 %;4.73 ms;PTT Metro de Sao Paulo - Nodo 1;;;;;
29/07/15 00:48;24.92 Mbit/s;24.39 Mbit/s;< 1 ms;< 1 ms;24.37 Mbit/s;22.65 Mbit/s;0.0 %;5.02 ms;PTT Metro de Sao Paulo - Nodo 3 - PIX ALOG Tambore;;;;;
28/07/15 23:48;23.74 Mbit/s;24.5 Mbit/s;< 1 ms;< 1 ms;23.94 Mbit/s;22.34 Mbit/s;0.0 %;4.43 ms;PTT Metro de Sao Paulo - Nodo 2;;;;;
28/07/15 21:48;22.95 Mbit/s;22.73 Mbit/s;< 1 ms;< 1 ms;23.61 Mbit/s;23.06 Mbit/s;0.0 %;4.85 ms;PTT Metro de Sao Paulo - Nodo 4;;;;;
28/07/15 20:48;22.65 Mbit/s;24.43 Mbit/s;< 1 ms;< 1 ms;23.43 Mbit/s;19.59 Mbit/s;0.0 %;5.67 ms;PTT Metro de Sao Paulo - Nodo 3;;;;;
28/07/15 19:48;22.88 Mbit/s;24.35 Mbit/s;< 1 ms;< 1 ms;23.59 Mbit/s;19.99 Mbit/s;0.0 %;5.71 ms;PTT Metro de Sao Paulo - Nodo 2;;;;;
28/07/15 17:48;19.81 Mbit/s;24.37 Mbit/s;< 1 ms;< 1 ms;21.54 Mbit/s;22.23 Mbit/s;0.0 %;4.58 ms;PTT Metro de Sao Paulo - Nodo 4;;;;;
28/07/15 16:48;23.57 Mbit/s;22.49 Mbit/s;1.64 ms;< 1 ms;23.58 Mbit/s;22.38 Mbit/s;0.0 %;5.59 ms;PTT Metro de Sao Paulo - Nodo 3;;;;;
28/07/15 15:49;21.49 Mbit/s;23.37 Mbit/s;< 1 ms;< 1 ms;22.51 Mbit/s;22.98 Mbit/s;0.0 %;6.54 ms;PTT Metro de Sao Paulo - Nodo 3 - PIX ALOG Tambore;;;;;
28/07/15 14:48;24.96 Mbit/s;23.47 Mbit/s;1.24 ms;2.75 ms;24.3 Mbit/s;22.96 Mbit/s;0.0 %;4.92 ms;PTT Metro de Sao Paulo - Nodo 1;;;;;
;;;;;;;;;;03/11/15 14:02;4.18 ms;172.16.52.1;true;
;;;;;;;;;;03/11/15 13:02;4.49 ms;172.16.52.1;true;
;;;;;;;;;;03/11/15 12:02;3.23 ms;172.16.52.1;true;
;;;;;;;;;;03/11/15 11:02;3.22 ms;172.16.52.1;true;
;;;;;;;;;;03/11/15 10:02;3.0 ms;172.16.52.1;true;
;;;;;;;;;;03/11/15 09:02;3.08 ms;172.16.52.1;true;
;;;;;;;;;;03/11/15 08:02;2.48 ms;172.16.52.1;true;
;;;;;;;;;;03/11/15 07:02;3.1 ms;172.16.52.1;true;
;;;;;;;;;;03/11/15 06:02;2.78 ms;172.16.52.1;true;
;;;;;;;;;;03/11/15 05:02;3.15 ms;172.16.52.1;true;
;;;;;;;;;;03/11/15 04:02;3.12 ms;172.16.52.1;true;
;;;;;;;;;;03/11/15 03:02;3.09 ms;172.16.52.1;true;
;;;;;;;;;;03/11/15 02:02;3.11 ms;172.16.52.1;true;
;;;;;;;;;;03/11/15 01:02;3.31 ms;172.16.52.1;true;
;;;;;;;;;;03/11/15 00:02;3.09 ms;172.16.52.1;true;
;;;;;;;;;;02/11/15 23:02;2.66 ms;172.16.52.1;true;
;;;;;;;;;;02/11/15 22:02;3.08 ms;172.16.52.1;true;
;;;;;;;;;;02/11/15 21:02;3.1 ms;172.16.52.1;true;
;;;;;;;;;;02/11/15 20:02;3.05 ms;172.16.52.1;true;
;;;;;;;;;;02/11/15 19:02;3.07 ms;172.16.52.1;true;
;;;;;;;;;;02/11/15 18:02;3.09 ms;172.16.52.1;true;
;;;;;;;;;;02/11/15 17:02;3.09 ms;172.16.52.1;true;
;;;;;;;;;;02/11/15 16:02;2.64 ms;172.16.52.1;true;
;;;;;;;;;;02/11/15 15:02;3.12 ms;172.16.52.1;true;
;;;;;;;;;;02/11/15 14:02;3.06 ms;172.16.52.1;true;
;;;;;;;;;;02/11/15 13:02;3.04 ms;172.16.52.1;true;
;;;;;;;;;;02/11/15 12:02;3.77 ms;172.16.52.1;true;
;;;;;;;;;;02/11/15 11:02;3.35 ms;172.16.52.1;true;
;;;;;;;;;;02/11/15 10:02;3.06 ms;172.16.52.1;true;
;;;;;;;;;;02/11/15 09:02;3.08 ms;172.16.52.1;true;
;;;;;;;;;;02/11/15 08:02;3.09 ms;172.16.52.1;true;
;;;;;;;;;;02/11/15 07:02;2.39 ms;172.16.52.1;true;
;;;;;;;;;;02/11/15 06:02;3.12 ms;172.16.52.1;true;
;;;;;;;;;;02/11/15 05:02;3.16 ms;172.16.52.1;true;
;;;;;;;;;;02/11/15 04:02;3.08 ms;172.16.52.1;true;
;;;;;;;;;;02/11/15 03:02;3.08 ms;172.16.52.1;true;
;;;;;;;;;;02/11/15 02:02;3.11 ms;172.16.52.1;true;
;;;;;;;;;;02/11/15 01:02;3.09 ms;172.16.52.1;true;
;;;;;;;;;;02/11/15 00:02;3.15 ms;172.16.52.1;true;
;;;;;;;;;;01/11/15 23:02;3.09 ms;172.16.52.1;true;
;;;;;;;;;;01/11/15 22:02;3.08 ms;172.16.52.1;true;
;;;;;;;;;;01/11/15 21:02;3.09 ms;172.16.52.1;true;
;;;;;;;;;;01/11/15 20:02;3.1 ms;172.16.52.1;true;
;;;;;;;;;;01/11/15 19:02;3.08 ms;172.16.52.1;true;
;;;;;;;;;;01/11/15 18:02;3.01 ms;172.16.52.1;true;
;;;;;;;;;;01/11/15 17:02;3.1 ms;172.16.52.1;true;
;;;;;;;;;;01/11/15 16:02;3.14 ms;172.16.52.1;true;
;;;;;;;;;;01/11/15 15:02;3.09 ms;172.16.52.1;true;
;;;;;;;;;;01/11/15 14:02;2.78 ms;172.16.52.1;true;
;;;;;;;;;;01/11/15 13:02;3.04 ms;172.16.52.1;true;
;;;;;;;;;;01/11/15 12:02;3.1 ms;172.16.52.1;true;
;;;;;;;;;;01/11/15 11:02;11.35 ms;172.16.52.1;true;
;;;;;;;;;;01/11/15 10:02;3.13 ms;172.16.52.1;true;
;;;;;;;;;;01/11/15 09:02;3.13 ms;172.16.52.1;true;
;;;;;;;;;;01/11/15 08:02;3.11 ms;172.16.52.1;true;
;;;;;;;;;;01/11/15 07:02;3.03 ms;172.16.52.1;true;
;;;;;;;;;;01/11/15 06:02;3.14 ms;172.16.52.1;true;
;;;;;;;;;;01/11/15 05:02;3.17 ms;172.16.52.1;true;
;;;;;;;;;;01/11/15 04:02;2.83 ms;172.16.52.1;true;
;;;;;;;;;;01/11/15 03:02;3.12 ms;172.16.52.1;true;
;;;;;;;;;;01/11/15 02:02;3.17 ms;172.16.52.1;true;
;;;;;;;;;;01/11/15 01:02;3.09 ms;172.16.52.1;true;
;;;;;;;;;;01/11/15 00:02;3.45 ms;172.16.52.1;true;
;;;;;;;;;;31/10/15 23:02;3.06 ms;172.16.52.1;true;
;;;;;;;;;;31/10/15 22:02;10.82 ms;172.16.52.1;true;
;;;;;;;;;;31/10/15 21:02;3.07 ms;172.16.52.1;true;
;;;;;;;;;;31/10/15 20:02;3.05 ms;172.16.52.1;true;
;;;;;;;;;;31/10/15 19:02;3.07 ms;172.16.52.1;true;
;;;;;;;;;;31/10/15 18:02;3.18 ms;172.16.52.1;true;
;;;;;;;;;;31/10/15 17:02;11.31 ms;172.16.52.1;true;
;;;;;;;;;;31/10/15 16:02;3.07 ms;172.16.52.1;true;
;;;;;;;;;;31/10/15 15:02;3.22 ms;172.16.52.1;true;
;;;;;;;;;;31/10/15 14:02;10.73 ms;172.16.52.1;true;
;;;;;;;;;;31/10/15 13:02;3.21 ms;172.16.52.1;true;
;;;;;;;;;;31/10/15 12:02;3.05 ms;172.16.52.1;true;
;;;;;;;;;;31/10/15 11:02;3.11 ms;172.16.52.1;true;
;;;;;;;;;;31/10/15 10:02;3.12 ms;172.16.52.1;true;
;;;;;;;;;;31/10/15 09:02;3.19 ms;172.16.52.1;true;
;;;;;;;;;;31/10/15 08:02;3.07 ms;172.16.52.1;true;
;;;;;;;;;;31/10/15 07:02;2.71 ms;172.16.52.1;true;
;;;;;;;;;;31/10/15 06:02;3.52 ms;172.16.52.1;true;
;;;;;;;;;;31/10/15 05:02;3.15 ms;172.16.52.1;true;
;;;;;;;;;;31/10/15 04:02;3.16 ms;172.16.52.1;true;
;;;;;;;;;;31/10/15 03:02;3.14 ms;172.16.52.1;true;
;;;;;;;;;;31/10/15 02:02;3.15 ms;172.16.52.1;true;
;;;;;;;;;;31/10/15 01:02;3.09 ms;172.16.52.1;true;
;;;;;;;;;;31/10/15 00:02;3.08 ms;172.16.52.1;true;
;;;;;;;;;;30/10/15 23:02;3.08 ms;172.16.52.1;true;
;;;;;;;;;;30/10/15 22:02;3.07 ms;172.16.52.1;true;
;;;;;;;;;;30/10/15 21:02;3.03 ms;172.16.52.1;true;
;;;;;;;;;;30/10/15 20:02;3.04 ms;172.16.52.1;true;
;;;;;;;;;;30/10/15 19:02;5.37 ms;172.16.52.1;true;
;;;;;;;;;;30/10/15 18:02;3.12 ms;172.16.52.1;true;
;;;;;;;;;;30/10/15 17:02;3.05 ms;172.16.52.1;true;
;;;;;;;;;;30/10/15 16:02;3.01 ms;172.16.52.1;true;
;;;;;;;;;;30/10/15 15:02;3.07 ms;172.16.52.1;true;
;;;;;;;;;;30/10/15 14:02;3.05 ms;172.16.52.1;true;
;;;;;;;;;;30/10/15 13:02;4.01 ms;172.16.52.1;true;
;;;;;;;;;;30/10/15 12:02;3.03 ms;172.16.52.1;true;
;;;;;;;;;;30/10/15 11:02;3.1 ms;172.16.52.1;true;
;;;;;;;;;;30/10/15 10:02;3.02 ms;172.16.52.1;true;
;;;;;;;;;;30/10/15 09:02;3.07 ms;172.16.52.1;true;
;;;;;;;;;;30/10/15 08:02;3.04 ms;172.16.52.1;true;
;;;;;;;;;;30/10/15 07:02;2.98 ms;172.16.52.1;true;
;;;;;;;;;;30/10/15 06:02;3.07 ms;172.16.52.1;true;
;;;;;;;;;;30/10/15 05:02;3.17 ms;172.16.52.1;true;
;;;;;;;;;;30/10/15 04:02;3.12 ms;172.16.52.1;true;
;;;;;;;;;;30/10/15 03:02;3.14 ms;172.16.52.1;true;
;;;;;;;;;;30/10/15 02:02;3.13 ms;172.16.52.1;true;
;;;;;;;;;;30/10/15 01:02;2.62 ms;172.16.52.1;true;
;;;;;;;;;;30/10/15 00:02;3.13 ms;172.16.52.1;true;
;;;;;;;;;;29/10/15 23:02;3.02 ms;172.16.52.1;true;
;;;;;;;;;;29/10/15 22:02;3.33 ms;172.16.52.1;true;
;;;;;;;;;;29/10/15 21:02;3.06 ms;172.16.52.1;true;
;;;;;;;;;;29/10/15 20:02;3.09 ms;172.16.52.1;true;
;;;;;;;;;;29/10/15 19:02;3.19 ms;172.16.52.1;true;
;;;;;;;;;;29/10/15 18:02;3.28 ms;172.16.52.1;true;
;;;;;;;;;;29/10/15 17:02;3.09 ms;172.16.52.1;true;
;;;;;;;;;;29/10/15 16:02;3.14 ms;172.16.52.1;true;
;;;;;;;;;;29/10/15 15:02;3.02 ms;172.16.52.1;true;
;;;;;;;;;;29/10/15 14:02;2.93 ms;172.16.52.1;true;
;;;;;;;;;;29/10/15 13:02;11.31 ms;172.16.52.1;true;
;;;;;;;;;;29/10/15 12:02;2.72 ms;172.16.52.1;true;
;;;;;;;;;;29/10/15 11:02;3.08 ms;172.16.52.1;true;
;;;;;;;;;;29/10/15 10:02;3.06 ms;172.16.52.1;true;
;;;;;;;;;;29/10/15 09:02;3.06 ms;172.16.52.1;true;
;;;;;;;;;;29/10/15 08:02;3.06 ms;172.16.52.1;true;
;;;;;;;;;;29/10/15 07:02;11.36 ms;172.16.52.1;true;
;;;;;;;;;;29/10/15 06:02;2.63 ms;172.16.52.1;true;
;;;;;;;;;;29/10/15 05:02;3.13 ms;172.16.52.1;true;
;;;;;;;;;;29/10/15 04:02;3.29 ms;172.16.52.1;true;
;;;;;;;;;;29/10/15 03:02;3.16 ms;172.16.52.1;true;
;;;;;;;;;;29/10/15 02:02;3.14 ms;172.16.52.1;true;
;;;;;;;;;;29/10/15 01:02;3.07 ms;172.16.52.1;true;
;;;;;;;;;;29/10/15 00:02;5.79 ms;172.16.52.1;true;
;;;;;;;;;;28/10/15 23:02;3.11 ms;172.16.52.1;true;
;;;;;;;;;;28/10/15 22:02;3.03 ms;172.16.52.1;true;
;;;;;;;;;;28/10/15 21:02;3.12 ms;172.16.52.1;true;
;;;;;;;;;;28/10/15 20:02;2.41 ms;172.16.52.1;true;
;;;;;;;;;;28/10/15 19:02;3.3 ms;172.16.52.1;true;
;;;;;;;;;;28/10/15 18:02;3.1 ms;172.16.52.1;true;
;;;;;;;;;;28/10/15 17:02;3.05 ms;172.16.52.1;true;
;;;;;;;;;;28/10/15 16:02;3.06 ms;172.16.52.1;true;
;;;;;;;;;;28/10/15 15:02;3.04 ms;172.16.52.1;true;
;;;;;;;;;;28/10/15 14:02;3.03 ms;172.16.52.1;true;
;;;;;;;;;;28/10/15 13:02;3.05 ms;172.16.52.1;true;
;;;;;;;;;;28/10/15 12:02;3.43 ms;172.16.52.1;true;
;;;;;;;;;;28/10/15 11:02;3.05 ms;172.16.52.1;true;
;;;;;;;;;;28/10/15 10:02;2.83 ms;172.16.52.1;true;
;;;;;;;;;;28/10/15 09:02;3.07 ms;172.16.52.1;true;
;;;;;;;;;;28/10/15 08:02;11.28 ms;172.16.52.1;true;
;;;;;;;;;;28/10/15 07:02;3.14 ms;172.16.52.1;true;
;;;;;;;;;;28/10/15 06:02;3.14 ms;172.16.52.1;true;
;;;;;;;;;;28/10/15 05:02;3.13 ms;172.16.52.1;true;
;;;;;;;;;;28/10/15 04:02;3.47 ms;172.16.52.1;true;
;;;;;;;;;;28/10/15 03:02;3.14 ms;172.16.52.1;true;
;;;;;;;;;;28/10/15 02:02;3.28 ms;172.16.52.1;true;
;;;;;;;;;;28/10/15 01:02;3.16 ms;172.16.52.1;true;
;;;;;;;;;;28/10/15 00:02;3.05 ms;172.16.52.1;true;
;;;;;;;;;;27/10/15 23:02;3.06 ms;172.16.52.1;true;
;;;;;;;;;;27/10/15 22:02;6.25 ms;172.16.52.1;true;
;;;;;;;;;;27/10/15 21:02;2.58 ms;172.16.52.1;true;
;;;;;;;;;;27/10/15 20:02;3.06 ms;172.16.52.1;true;
;;;;;;;;;;27/10/15 19:02;3.03 ms;172.16.52.1;true;
;;;;;;;;;;27/10/15 18:02;3.06 ms;172.16.52.1;true;
;;;;;;;;;;27/10/15 17:02;3.12 ms;172.16.52.1;true;
;;;;;;;;;;27/10/15 16:02;3.06 ms;172.16.52.1;true;
;;;;;;;;;;27/10/15 15:02;3.3 ms;172.16.52.1;true;
;;;;;;;;;;27/10/15 14:02;11.34 ms;172.16.52.1;true;
;;;;;;;;;;27/10/15 13:02;3.25 ms;172.16.52.1;true;
;;;;;;;;;;27/10/15 12:02;3.08 ms;172.16.52.1;true;
;;;;;;;;;;27/10/15 11:02;3.23 ms;172.16.52.1;true;
;;;;;;;;;;27/10/15 10:02;3.05 ms;172.16.52.1;true;
;;;;;;;;;;27/10/15 09:02;3.06 ms;172.16.52.1;true;
;;;;;;;;;;27/10/15 08:02;3.15 ms;172.16.52.1;true;
;;;;;;;;;;27/10/15 07:02;3.1 ms;172.16.52.1;true;
;;;;;;;;;;27/10/15 06:02;11.31 ms;172.16.52.1;true;
;;;;;;;;;;27/10/15 05:02;3.3 ms;172.16.52.1;true;
;;;;;;;;;;27/10/15 04:02;3.13 ms;172.16.52.1;true;
;;;;;;;;;;27/10/15 03:02;3.12 ms;172.16.52.1;true;
;;;;;;;;;;27/10/15 02:02;3.18 ms;172.16.52.1;true;
;;;;;;;;;;27/10/15 01:02;3.14 ms;172.16.52.1;true;
;;;;;;;;;;27/10/15 00:02;3.11 ms;172.16.52.1;true;
;;;;;;;;;;26/10/15 23:02;3.02 ms;172.16.52.1;true;
;;;;;;;;;;26/10/15 22:02;3.0 ms;172.16.52.1;true;
;;;;;;;;;;26/10/15 21:02;2.51 ms;172.16.52.1;true;
;;;;;;;;;;26/10/15 20:02;3.06 ms;172.16.52.1;true;
;;;;;;;;;;26/10/15 19:02;11.28 ms;172.16.52.1;true;
;;;;;;;;;;26/10/15 18:02;3.06 ms;172.16.52.1;true;
;;;;;;;;;;26/10/15 17:02;2.67 ms;172.16.52.1;true;
;;;;;;;;;;26/10/15 16:02;3.08 ms;172.16.52.1;true;
;;;;;;;;;;26/10/15 15:02;3.04 ms;172.16.52.1;true;
;;;;;;;;;;26/10/15 14:02;3.22 ms;172.16.52.1;true;
;;;;;;;;;;26/10/15 13:02;3.05 ms;172.16.52.1;true;
;;;;;;;;;;26/10/15 12:02;3.23 ms;172.16.52.1;true;
;;;;;;;;;;26/10/15 11:02;3.18 ms;172.16.52.1;true;
;;;;;;;;;;26/10/15 10:02;3.07 ms;172.16.52.1;true;
;;;;;;;;;;26/10/15 09:02;3.16 ms;172.16.52.1;true;
;;;;;;;;;;26/10/15 08:02;3.07 ms;172.16.52.1;true;
;;;;;;;;;;26/10/15 07:02;3.49 ms;172.16.52.1;true;
;;;;;;;;;;26/10/15 06:02;3.05 ms;172.16.52.1;true;
;;;;;;;;;;26/10/15 05:02;3.28 ms;172.16.52.1;true;
;;;;;;;;;;26/10/15 04:02;3.27 ms;172.16.52.1;true;
;;;;;;;;;;26/10/15 03:02;3.14 ms;172.16.52.1;true;
;;;;;;;;;;26/10/15 02:02;3.22 ms;172.16.52.1;true;
;;;;;;;;;;26/10/15 01:02;3.37 ms;172.16.52.1;true;
;;;;;;;;;;26/10/15 00:02;3.23 ms;172.16.52.1;true;
;;;;;;;;;;25/10/15 23:02;11.27 ms;172.16.52.1;true;
;;;;;;;;;;25/10/15 22:02;3.2 ms;172.16.52.1;true;
;;;;;;;;;;25/10/15 21:02;11.08 ms;172.16.52.1;true;
;;;;;;;;;;25/10/15 20:02;3.16 ms;172.16.52.1;true;
;;;;;;;;;;25/10/15 19:02;3.15 ms;172.16.52.1;true;
;;;;;;;;;;25/10/15 18:02;3.18 ms;172.16.52.1;true;
;;;;;;;;;;25/10/15 17:02;3.23 ms;172.16.52.1;true;
;;;;;;;;;;25/10/15 16:02;10.92 ms;172.16.52.1;true;
;;;;;;;;;;25/10/15 15:02;2.5 ms;172.16.52.1;true;
;;;;;;;;;;25/10/15 14:02;3.23 ms;172.16.52.1;true;
;;;;;;;;;;25/10/15 13:02;3.28 ms;172.16.52.1;true;
;;;;;;;;;;25/10/15 12:02;3.18 ms;172.16.52.1;true;
;;;;;;;;;;25/10/15 11:02;3.2 ms;172.16.52.1;true;
;;;;;;;;;;25/10/15 10:02;3.02 ms;172.16.52.1;true;
;;;;;;;;;;25/10/15 09:02;3.2 ms;172.16.52.1;true;
;;;;;;;;;;25/10/15 08:02;3.15 ms;172.16.52.1;true;
;;;;;;;;;;25/10/15 07:02;2.69 ms;172.16.52.1;true;
;;;;;;;;;;25/10/15 06:02;3.25 ms;172.16.52.1;true;
;;;;;;;;;;25/10/15 05:02;3.09 ms;172.16.52.1;true;
;;;;;;;;;;25/10/15 04:02;11.3 ms;172.16.52.1;true;
;;;;;;;;;;25/10/15 03:02;3.14 ms;172.16.52.1;true;
;;;;;;;;;;25/10/15 02:02;3.12 ms;172.16.52.1;true;
;;;;;;;;;;25/10/15 01:02;3.16 ms;172.16.52.1;true;
;;;;;;;;;;25/10/15 00:02;3.25 ms;172.16.52.1;true;
;;;;;;;;;;24/10/15 23:02;2.86 ms;172.16.52.1;true;
;;;;;;;;;;24/10/15 22:02;2.63 ms;172.16.52.1;true;
;;;;;;;;;;24/10/15 21:02;3.23 ms;172.16.52.1;true;
;;;;;;;;;;24/10/15 20:02;3.32 ms;172.16.52.1;true;
;;;;;;;;;;24/10/15 19:02;2.78 ms;172.16.52.1;true;
;;;;;;;;;;24/10/15 18:02;3.3 ms;172.16.52.1;true;
;;;;;;;;;;24/10/15 17:02;4.3 ms;172.16.52.1;true;
;;;;;;;;;;24/10/15 16:02;2.75 ms;172.16.52.1;true;
;;;;;;;;;;24/10/15 15:02;3.16 ms;172.16.52.1;true;
;;;;;;;;;;24/10/15 14:02;3.23 ms;172.16.52.1;true;
;;;;;;;;;;24/10/15 13:02;3.19 ms;172.16.52.1;true;
;;;;;;;;;;24/10/15 12:02;3.12 ms;172.16.52.1;true;
;;;;;;;;;;24/10/15 11:02;3.47 ms;172.16.52.1;true;
;;;;;;;;;;24/10/15 10:02;3.2 ms;172.16.52.1;true;
;;;;;;;;;;24/10/15 09:02;3.22 ms;172.16.52.1;true;
;;;;;;;;;;24/10/15 08:02;3.29 ms;172.16.52.1;true;
;;;;;;;;;;24/10/15 07:02;3.11 ms;172.16.52.1;true;
;;;;;;;;;;24/10/15 06:02;3.12 ms;172.16.52.1;true;
;;;;;;;;;;24/10/15 05:02;3.27 ms;172.16.52.1;true;
;;;;;;;;;;24/10/15 04:02;3.17 ms;172.16.52.1;true;
;;;;;;;;;;24/10/15 03:02;2.47 ms;172.16.52.1;true;
;;;;;;;;;;24/10/15 02:02;2.61 ms;172.16.52.1;true;
;;;;;;;;;;24/10/15 01:02;3.02 ms;172.16.52.1;true;
;;;;;;;;;;24/10/15 00:02;3.2 ms;172.16.52.1;true;
;;;;;;;;;;23/10/15 23:02;3.21 ms;172.16.52.1;true;
;;;;;;;;;;23/10/15 22:02;3.0 ms;172.16.52.1;true;
;;;;;;;;;;23/10/15 21:02;3.07 ms;172.16.52.1;true;
;;;;;;;;;;23/10/15 20:02;2.71 ms;172.16.52.1;true;
;;;;;;;;;;23/10/15 19:02;3.05 ms;172.16.52.1;true;
;;;;;;;;;;23/10/15 18:02;3.45 ms;172.16.52.1;true;
;;;;;;;;;;23/10/15 17:02;119.86 ms;172.16.52.1;true;
;;;;;;;;;;23/10/15 16:02;3.04 ms;172.16.52.1;true;
;;;;;;;;;;23/10/15 15:02;11.36 ms;172.16.52.1;true;
;;;;;;;;;;23/10/15 14:02;3.06 ms;172.16.52.1;true;
;;;;;;;;;;23/10/15 13:02;3.06 ms;172.16.52.1;true;
;;;;;;;;;;23/10/15 12:02;11.24 ms;172.16.52.1;true;
;;;;;;;;;;23/10/15 11:02;3.06 ms;172.16.52.1;true;
;;;;;;;;;;23/10/15 10:02;3.02 ms;172.16.52.1;true;
;;;;;;;;;;23/10/15 09:02;3.1 ms;172.16.52.1;true;
;;;;;;;;;;23/10/15 08:02;3.08 ms;172.16.52.1;true;
;;;;;;;;;;23/10/15 07:02;3.09 ms;172.16.52.1;true;
;;;;;;;;;;23/10/15 06:02;3.11 ms;172.16.52.1;true;
;;;;;;;;;;23/10/15 05:02;3.2 ms;172.16.52.1;true;
;;;;;;;;;;23/10/15 04:02;3.14 ms;172.16.52.1;true;
;;;;;;;;;;23/10/15 03:02;3.17 ms;172.16.52.1;true;
;;;;;;;;;;23/10/15 02:02;2.69 ms;172.16.52.1;true;
;;;;;;;;;;23/10/15 01:02;3.16 ms;172.16.52.1;true;
;;;;;;;;;;23/10/15 00:02;3.15 ms;172.16.52.1;true;
;;;;;;;;;;22/10/15 23:02;3.07 ms;172.16.52.1;true;
;;;;;;;;;;22/10/15 22:02;3.14 ms;172.16.52.1;true;
;;;;;;;;;;22/10/15 21:02;3.05 ms;172.16.52.1;true;
;;;;;;;;;;22/10/15 20:02;3.16 ms;172.16.52.1;true;
;;;;;;;;;;22/10/15 19:02;3.26 ms;172.16.52.1;true;
;;;;;;;;;;22/10/15 18:02;3.2 ms;172.16.52.1;true;
;;;;;;;;;;22/10/15 17:02;3.02 ms;172.16.52.1;true;
;;;;;;;;;;22/10/15 16:02;3.05 ms;172.16.52.1;true;
;;;;;;;;;;22/10/15 15:02;3.04 ms;172.16.52.1;true;
;;;;;;;;;;22/10/15 14:02;11.35 ms;172.16.52.1;true;
;;;;;;;;;;22/10/15 13:02;3.06 ms;172.16.52.1;true;
;;;;;;;;;;22/10/15 12:02;3.09 ms;172.16.52.1;true;
;;;;;;;;;;22/10/15 11:02;3.08 ms;172.16.52.1;true;
;;;;;;;;;;22/10/15 10:02;3.1 ms;172.16.52.1;true;
;;;;;;;;;;22/10/15 09:02;11.21 ms;172.16.52.1;true;
;;;;;;;;;;22/10/15 08:02;3.04 ms;172.16.52.1;true;
;;;;;;;;;;22/10/15 07:02;3.1 ms;172.16.52.1;true;
;;;;;;;;;;22/10/15 06:02;3.11 ms;172.16.52.1;true;
;;;;;;;;;;22/10/15 05:02;2.54 ms;172.16.52.1;true;
;;;;;;;;;;22/10/15 04:02;3.11 ms;172.16.52.1;true;
;;;;;;;;;;22/10/15 03:02;3.13 ms;172.16.52.1;true;
;;;;;;;;;;22/10/15 02:02;3.3 ms;172.16.52.1;true;
;;;;;;;;;;22/10/15 01:02;3.13 ms;172.16.52.1;true;
;;;;;;;;;;22/10/15 00:02;2.73 ms;172.16.52.1;true;
;;;;;;;;;;21/10/15 23:02;3.22 ms;172.16.52.1;true;
;;;;;;;;;;21/10/15 22:02;3.39 ms;172.16.52.1;true;
;;;;;;;;;;21/10/15 21:02;2.39 ms;172.16.52.1;true;
;;;;;;;;;;21/10/15 20:02;3.5 ms;172.16.52.1;true;
;;;;;;;;;;21/10/15 19:02;3.24 ms;172.16.52.1;true;
;;;;;;;;;;21/10/15 18:02;3.24 ms;172.16.52.1;true;
;;;;;;;;;;21/10/15 17:02;3.07 ms;172.16.52.1;true;
;;;;;;;;;;21/10/15 16:02;2.47 ms;172.16.52.1;true;
;;;;;;;;;;21/10/15 15:02;3.15 ms;172.16.52.1;true;
;;;;;;;;;;21/10/15 14:02;3.19 ms;172.16.52.1;true;
;;;;;;;;;;21/10/15 13:02;4.04 ms;172.16.52.1;true;
;;;;;;;;;;21/10/15 12:02;3.24 ms;172.16.52.1;true;
;;;;;;;;;;21/10/15 11:02;4.4 ms;172.16.52.1;true;
;;;;;;;;;;21/10/15 10:02;3.05 ms;172.16.52.1;true;
;;;;;;;;;;21/10/15 09:02;3.09 ms;172.16.52.1;true;
;;;;;;;;;;21/10/15 08:02;11.31 ms;172.16.52.1;true;
;;;;;;;;;;21/10/15 07:02;3.21 ms;172.16.52.1;true;
;;;;;;;;;;21/10/15 06:02;3.26 ms;172.16.52.1;true;
;;;;;;;;;;21/10/15 05:02;3.26 ms;172.16.52.1;true;
;;;;;;;;;;21/10/15 04:02;3.2 ms;172.16.52.1;true;
;;;;;;;;;;21/10/15 03:02;3.14 ms;172.16.52.1;true;
;;;;;;;;;;21/10/15 02:02;3.27 ms;172.16.52.1;true;
;;;;;;;;;;21/10/15 01:02;3.13 ms;172.16.52.1;true;
;;;;;;;;;;21/10/15 00:02;3.13 ms;172.16.52.1;true;
;;;;;;;;;;20/10/15 23:02;3.33 ms;172.16.52.1;true;
;;;;;;;;;;20/10/15 22:02;3.18 ms;172.16.52.1;true;
;;;;;;;;;;20/10/15 21:02;3.18 ms;172.16.52.1;true;
;;;;;;;;;;20/10/15 20:02;3.06 ms;172.16.52.1;true;
;;;;;;;;;;20/10/15 19:02;3.02 ms;172.16.52.1;true;
;;;;;;;;;;20/10/15 18:02;11.28 ms;172.16.52.1;true;
;;;;;;;;;;20/10/15 17:02;3.28 ms;172.16.52.1;true;
;;;;;;;;;;20/10/15 16:02;3.2 ms;172.16.52.1;true;
;;;;;;;;;;20/10/15 15:02;3.22 ms;172.16.52.1;true;
;;;;;;;;;;20/10/15 14:02;3.21 ms;172.16.52.1;true;
;;;;;;;;;;20/10/15 13:02;3.04 ms;172.16.52.1;true;
;;;;;;;;;;20/10/15 12:02;3.01 ms;172.16.52.1;true;
;;;;;;;;;;20/10/15 11:02;3.08 ms;172.16.52.1;true;
;;;;;;;;;;20/10/15 10:02;3.21 ms;172.16.52.1;true;
;;;;;;;;;;20/10/15 09:02;3.05 ms;172.16.52.1;true;
;;;;;;;;;;20/10/15 08:02;3.22 ms;172.16.52.1;true;
;;;;;;;;;;20/10/15 07:02;3.12 ms;172.16.52.1;true;
;;;;;;;;;;20/10/15 06:02;3.2 ms;172.16.52.1;true;
;;;;;;;;;;20/10/15 05:02;3.15 ms;172.16.52.1;true;
;;;;;;;;;;20/10/15 04:02;3.14 ms;172.16.52.1;true;
;;;;;;;;;;20/10/15 03:02;3.14 ms;172.16.52.1;true;
;;;;;;;;;;20/10/15 02:02;3.08 ms;172.16.52.1;true;
;;;;;;;;;;20/10/15 01:02;3.25 ms;172.16.52.1;true;
;;;;;;;;;;20/10/15 00:02;3.22 ms;172.16.52.1;true;
;;;;;;;;;;19/10/15 23:02;3.41 ms;172.16.52.1;true;
;;;;;;;;;;19/10/15 22:02;3.16 ms;172.16.52.1;true;
;;;;;;;;;;19/10/15 21:02;3.36 ms;172.16.52.1;true;
;;;;;;;;;;19/10/15 20:02;3.18 ms;172.16.52.1;true;
;;;;;;;;;;19/10/15 19:02;3.2 ms;172.16.52.1;true;
;;;;;;;;;;19/10/15 18:02;3.19 ms;172.16.52.1;true;
;;;;;;;;;;19/10/15 17:02;3.09 ms;172.16.52.1;true;
;;;;;;;;;;19/10/15 16:02;3.2 ms;172.16.52.1;true;
;;;;;;;;;;19/10/15 15:02;8.54 ms;172.16.52.1;true;
;;;;;;;;;;19/10/15 14:02;3.17 ms;172.16.52.1;true;
;;;;;;;;;;19/10/15 13:02;3.22 ms;172.16.52.1;true;
;;;;;;;;;;19/10/15 12:02;3.18 ms;172.16.52.1;true;
;;;;;;;;;;19/10/15 11:02;3.23 ms;172.16.52.1;true;
;;;;;;;;;;19/10/15 10:02;3.08 ms;172.16.52.1;true;
;;;;;;;;;;19/10/15 09:02;3.22 ms;172.16.52.1;true;
;;;;;;;;;;19/10/15 08:02;5.9 ms;172.16.52.1;true;
;;;;;;;;;;19/10/15 07:02;3.39 ms;172.16.52.1;true;
;;;;;;;;;;19/10/15 06:02;2.7 ms;172.16.52.1;true;
;;;;;;;;;;19/10/15 05:02;3.3 ms;172.16.52.1;true;
;;;;;;;;;;19/10/15 04:02;3.12 ms;172.16.52.1;true;
;;;;;;;;;;19/10/15 03:02;3.14 ms;172.16.52.1;true;
;;;;;;;;;;19/10/15 02:02;3.18 ms;172.16.52.1;true;
;;;;;;;;;;19/10/15 01:02;3.14 ms;172.16.52.1;true;
;;;;;;;;;;19/10/15 00:02;3.24 ms;172.16.52.1;true;
;;;;;;;;;;18/10/15 23:02;3.39 ms;172.16.52.1;true;
;;;;;;;;;;18/10/15 22:02;3.08 ms;172.16.52.1;true;
;;;;;;;;;;18/10/15 21:02;2.45 ms;172.16.52.1;true;
;;;;;;;;;;18/10/15 20:02;3.21 ms;172.16.52.1;true;
;;;;;;;;;;18/10/15 19:02;231.44 ms;172.16.52.1;true;
;;;;;;;;;;18/10/15 18:02;3.03 ms;172.16.52.1;true;
;;;;;;;;;;18/10/15 17:02;3.12 ms;172.16.52.1;true;
;;;;;;;;;;18/10/15 16:02;2.75 ms;172.16.52.1;true;
;;;;;;;;;;18/10/15 15:02;3.26 ms;172.16.52.1;true;
;;;;;;;;;;18/10/15 14:02;3.29 ms;172.16.52.1;true;
;;;;;;;;;;18/10/15 13:02;3.25 ms;172.16.52.1;true;
;;;;;;;;;;18/10/15 12:02;3.2 ms;172.16.52.1;true;
;;;;;;;;;;18/10/15 11:02;3.23 ms;172.16.52.1;true;
;;;;;;;;;;18/10/15 10:02;3.4 ms;172.16.52.1;true;
;;;;;;;;;;18/10/15 09:02;3.24 ms;172.16.52.1;true;
;;;;;;;;;;18/10/15 08:02;3.36 ms;172.16.52.1;true;
;;;;;;;;;;18/10/15 07:02;3.26 ms;172.16.52.1;true;
;;;;;;;;;;18/10/15 06:02;3.68 ms;172.16.52.1;true;
;;;;;;;;;;18/10/15 05:02;3.34 ms;172.16.52.1;true;
;;;;;;;;;;18/10/15 04:02;11.24 ms;172.16.52.1;true;
;;;;;;;;;;18/10/15 03:02;3.27 ms;172.16.52.1;true;
;;;;;;;;;;18/10/15 02:02;4.1 ms;172.16.52.1;true;
;;;;;;;;;;18/10/15 01:02;3.32 ms;172.16.52.1;true;
;;;;;;;;;;17/10/15 23:02;4.32 ms;172.16.52.1;true;
;;;;;;;;;;17/10/15 22:02;3.23 ms;172.16.52.1;true;
;;;;;;;;;;17/10/15 21:02;4.25 ms;172.16.52.1;true;
;;;;;;;;;;17/10/15 20:02;3.06 ms;172.16.52.1;true;
;;;;;;;;;;17/10/15 19:02;3.29 ms;172.16.52.1;true;
;;;;;;;;;;17/10/15 18:02;3.08 ms;172.16.52.1;true;
;;;;;;;;;;17/10/15 17:02;3.27 ms;172.16.52.1;true;
;;;;;;;;;;17/10/15 16:02;3.06 ms;172.16.52.1;true;
;;;;;;;;;;17/10/15 15:02;3.58 ms;172.16.52.1;true;
;;;;;;;;;;17/10/15 14:02;3.06 ms;172.16.52.1;true;
;;;;;;;;;;17/10/15 13:02;3.16 ms;172.16.52.1;true;
;;;;;;;;;;17/10/15 12:02;3.27 ms;172.16.52.1;true;
;;;;;;;;;;17/10/15 11:02;4.42 ms;172.16.52.1;true;
;;;;;;;;;;17/10/15 10:02;3.78 ms;172.16.52.1;true;
;;;;;;;;;;17/10/15 09:02;3.24 ms;172.16.52.1;true;
;;;;;;;;;;17/10/15 08:02;4.44 ms;172.16.52.1;true;
;;;;;;;;;;17/10/15 07:02;3.27 ms;172.16.52.1;true;
;;;;;;;;;;17/10/15 06:02;3.16 ms;172.16.52.1;true;
;;;;;;;;;;17/10/15 05:02;3.17 ms;172.16.52.1;true;
;;;;;;;;;;17/10/15 04:02;3.62 ms;172.16.52.1;true;
;;;;;;;;;;17/10/15 03:02;3.14 ms;172.16.52.1;true;
;;;;;;;;;;17/10/15 02:02;3.16 ms;172.16.52.1;true;
;;;;;;;;;;17/10/15 01:02;3.19 ms;172.16.52.1;true;
;;;;;;;;;;17/10/15 00:02;3.15 ms;172.16.52.1;true;
;;;;;;;;;;16/10/15 23:02;3.09 ms;172.16.52.1;true;
;;;;;;;;;;16/10/15 22:02;3.06 ms;172.16.52.1;true;
;;;;;;;;;;16/10/15 21:02;3.23 ms;172.16.52.1;true;
;;;;;;;;;;16/10/15 20:02;3.24 ms;172.16.52.1;true;
;;;;;;;;;;16/10/15 19:02;3.18 ms;172.16.52.1;true;
;;;;;;;;;;16/10/15 18:02;3.17 ms;172.16.52.1;true;
;;;;;;;;;;16/10/15 17:02;3.25 ms;172.16.52.1;true;
;;;;;;;;;;16/10/15 16:02;2.77 ms;172.16.52.1;true;
;;;;;;;;;;16/10/15 15:02;3.57 ms;172.16.52.1;true;
;;;;;;;;;;16/10/15 14:02;3.21 ms;172.16.52.1;true;
;;;;;;;;;;16/10/15 13:02;3.37 ms;172.16.52.1;true;
;;;;;;;;;;16/10/15 12:02;3.15 ms;172.16.52.1;true;
;;;;;;;;;;16/10/15 11:02;3.07 ms;172.16.52.1;true;
;;;;;;;;;;16/10/15 10:02;3.05 ms;172.16.52.1;true;
;;;;;;;;;;16/10/15 09:02;11.37 ms;172.16.52.1;true;
;;;;;;;;;;16/10/15 08:02;3.22 ms;172.16.52.1;true;
;;;;;;;;;;16/10/15 07:02;3.22 ms;172.16.52.1;true;
;;;;;;;;;;16/10/15 06:02;3.31 ms;172.16.52.1;true;
;;;;;;;;;;16/10/15 05:02;2.91 ms;172.16.52.1;true;
;;;;;;;;;;16/10/15 04:02;3.16 ms;172.16.52.1;true;
;;;;;;;;;;16/10/15 03:02;3.16 ms;172.16.52.1;true;
;;;;;;;;;;16/10/15 02:02;3.17 ms;172.16.52.1;true;
;;;;;;;;;;16/10/15 01:02;3.15 ms;172.16.52.1;true;
;;;;;;;;;;16/10/15 00:02;3.16 ms;172.16.52.1;true;
;;;;;;;;;;15/10/15 23:02;3.05 ms;172.16.52.1;true;
;;;;;;;;;;15/10/15 22:02;3.04 ms;172.16.52.1;true;
;;;;;;;;;;15/10/15 21:02;4.48 ms;172.16.52.1;true;
;;;;;;;;;;15/10/15 20:02;3.93 ms;172.16.52.1;true;
;;;;;;;;;;15/10/15 19:02;3.07 ms;172.16.52.1;true;
;;;;;;;;;;15/10/15 18:02;3.02 ms;172.16.52.1;true;
;;;;;;;;;;15/10/15 17:02;3.1 ms;172.16.52.1;true;
;;;;;;;;;;15/10/15 16:02;3.09 ms;172.16.52.1;true;
;;;;;;;;;;15/10/15 15:02;3.03 ms;172.16.52.1;true;
;;;;;;;;;;15/10/15 14:02;2.6 ms;172.16.52.1;true;
;;;;;;;;;;17/09/15 17:02;2.0 ms;172.16.52.1;true;
;;;;;;;;;;17/09/15 11:02;3.16 ms;172.16.52.1;true;
;;;;;;;;;;17/09/15 10:02;3.31 ms;172.16.52.1;true;
;;;;;;;;;;17/09/15 09:02;4.41 ms;172.16.52.1;true;
;;;;;;;;;;17/09/15 08:02;12.79 ms;172.16.52.1;true;
;;;;;;;;;;17/09/15 07:02;11.07 ms;172.16.52.1;true;
;;;;;;;;;;17/09/15 06:02;3.07 ms;172.16.52.1;true;
;;;;;;;;;;17/09/15 05:02;3.28 ms;172.16.52.1;true;
;;;;;;;;;;17/09/15 04:02;3.26 ms;172.16.52.1;true;
;;;;;;;;;;17/09/15 03:02;3.59 ms;172.16.52.1;true;
;;;;;;;;;;17/09/15 02:02;3.26 ms;172.16.52.1;true;
;;;;;;;;;;17/09/15 01:02;3.26 ms;172.16.52.1;true;
;;;;;;;;;;17/09/15 00:02;2.91 ms;172.16.52.1;true;
;;;;;;;;;;16/09/15 23:02;3.1 ms;172.16.52.1;true;
;;;;;;;;;;16/09/15 22:02;3.18 ms;172.16.52.1;true;
;;;;;;;;;;16/09/15 21:02;3.23 ms;172.16.52.1;true;
;;;;;;;;;;16/09/15 20:02;3.21 ms;172.16.52.1;true;
;;;;;;;;;;16/09/15 19:02;11.27 ms;172.16.52.1;true;
;;;;;;;;;;16/09/15 18:02;3.21 ms;172.16.52.1;true;
;;;;;;;;;;16/09/15 17:02;3.08 ms;172.16.52.1;true;
;;;;;;;;;;16/09/15 16:02;3.16 ms;172.16.52.1;true;
;;;;;;;;;;16/09/15 15:02;5.32 ms;172.16.52.1;true;
;;;;;;;;;;16/09/15 14:02;6.99 ms;172.16.52.1;true;
;;;;;;;;;;16/09/15 13:02;3.78 ms;172.16.52.1;true;
;;;;;;;;;;16/09/15 12:02;2.09 ms;172.16.52.1;true;
;;;;;;;;;;16/09/15 11:02;3.01 ms;172.16.52.1;true;
;;;;;;;;;;16/09/15 10:02;3.01 ms;172.16.52.1;true;
;;;;;;;;;;16/09/15 09:02;3.23 ms;172.16.52.1;true;
;;;;;;;;;;16/09/15 08:02;2.77 ms;172.16.52.1;true;
;;;;;;;;;;16/09/15 07:02;3.07 ms;172.16.52.1;true;
;;;;;;;;;;16/09/15 06:27;0.62 ms;192.168.88.1;true;
;;;;;;;;;;16/09/15 06:02;3.01 ms;172.16.52.1;true;
;;;;;;;;;;16/09/15 05:02;3.15 ms;172.16.52.1;true;
;;;;;;;;;;16/09/15 04:02;3.15 ms;172.16.52.1;true;
;;;;;;;;;;16/09/15 03:02;2.62 ms;172.16.52.1;true;
;;;;;;;;;;16/09/15 02:02;3.25 ms;172.16.52.1;true;
;;;;;;;;;;16/09/15 01:02;3.26 ms;172.16.52.1;true;
;;;;;;;;;;16/09/15 00:02;3.14 ms;172.16.52.1;true;
;;;;;;;;;;15/09/15 22:02;23.52 ms;172.16.52.1;true;
;;;;;;;;;;15/09/15 21:02;3.11 ms;172.16.52.1;true;
;;;;;;;;;;15/09/15 20:02;3.06 ms;172.16.52.1;true;
;;;;;;;;;;15/09/15 19:02;11.53 ms;172.16.52.1;true;
;;;;;;;;;;15/09/15 18:02;3.15 ms;172.16.52.1;true;
;;;;;;;;;;15/09/15 17:02;4.05 ms;172.16.52.1;true;
;;;;;;;;;;15/09/15 16:02;3.06 ms;172.16.52.1;true;
;;;;;;;;;;15/09/15 15:02;3.02 ms;172.16.52.1;true;
;;;;;;;;;;15/09/15 14:02;8.39 ms;172.16.52.1;true;
;;;;;;;;;;15/09/15 13:02;3.07 ms;172.16.52.1;true;
;;;;;;;;;;15/09/15 12:02;3.94 ms;172.16.52.1;true;
;;;;;;;;;;15/09/15 11:02;3.08 ms;172.16.52.1;true;
;;;;;;;;;;15/09/15 10:02;3.07 ms;172.16.52.1;true;
;;;;;;;;;;15/09/15 09:02;3.04 ms;172.16.52.1;true;
;;;;;;;;;;15/09/15 08:02;3.2 ms;172.16.52.1;true;
;;;;;;;;;;15/09/15 07:02;5.16 ms;172.16.52.1;true;
;;;;;;;;;;15/09/15 06:02;3.25 ms;172.16.52.1;true;
;;;;;;;;;;15/09/15 05:02;3.12 ms;172.16.52.1;true;
;;;;;;;;;;15/09/15 04:02;3.12 ms;172.16.52.1;true;
;;;;;;;;;;15/09/15 03:02;3.1 ms;172.16.52.1;true;
;;;;;;;;;;15/09/15 02:02;3.05 ms;172.16.52.1;true;
;;;;;;;;;;15/09/15 01:02;3.15 ms;172.16.52.1;true;
;;;;;;;;;;15/09/15 00:02;3.1 ms;172.16.52.1;true;
;;;;;;;;;;14/09/15 23:02;3.05 ms;172.16.52.1;true;
;;;;;;;;;;14/09/15 22:02;3.1 ms;172.16.52.1;true;
;;;;;;;;;;14/09/15 21:02;3.12 ms;172.16.52.1;true;
;;;;;;;;;;14/09/15 20:02;3.08 ms;172.16.52.1;true;
;;;;;;;;;;14/09/15 18:02;3.08 ms;172.16.52.1;true;
;;;;;;;;;;14/09/15 17:02;3.2 ms;172.16.52.1;true;
;;;;;;;;;;14/09/15 16:02;0.87 ms;192.168.0.1;true;
;;;;;;;;;;14/09/15 16:02;3.18 ms;172.16.52.1;true;
;;;;;;;;;;14/09/15 15:02;3.04 ms;172.16.52.1;true;
;;;;;;;;;;14/09/15 14:02;3.19 ms;172.16.52.1;true;
;;;;;;;;;;14/09/15 13:02;3.2 ms;172.16.52.1;true;
;;;;;;;;;;14/09/15 12:02;3.17 ms;172.16.52.1;true;
;;;;;;;;;;14/09/15 11:02;3.2 ms;172.16.52.1;true;
;;;;;;;;;;14/09/15 10:02;4.35 ms;172.16.52.1;true;
;;;;;;;;;;14/09/15 08:02;3.18 ms;172.16.52.1;true;
;;;;;;;;;;14/09/15 07:02;3.3 ms;172.16.52.1;true;
;;;;;;;;;;14/09/15 06:02;3.85 ms;172.16.52.1;true;
;;;;;;;;;;14/09/15 05:02;3.27 ms;172.16.52.1;true;
;;;;;;;;;;14/09/15 04:02;3.27 ms;172.16.52.1;true;
;;;;;;;;;;14/09/15 03:02;3.16 ms;172.16.52.1;true;
;;;;;;;;;;14/09/15 02:02;3.09 ms;172.16.52.1;true;
;;;;;;;;;;14/09/15 01:02;3.3 ms;172.16.52.1;true;
;;;;;;;;;;14/09/15 00:02;4.45 ms;172.16.52.1;true;
;;;;;;;;;;13/09/15 23:02;3.13 ms;172.16.52.1;true;
;;;;;;;;;;13/09/15 21:02;11.46 ms;172.16.52.1;true;
;;;;;;;;;;13/09/15 20:02;3.26 ms;172.16.52.1;true;
;;;;;;;;;;13/09/15 19:02;2.63 ms;172.16.52.1;true;
;;;;;;;;;;13/09/15 18:02;3.18 ms;172.16.52.1;true;
;;;;;;;;;;13/09/15 17:02;3.22 ms;172.16.52.1;true;
;;;;;;;;;;13/09/15 16:02;4.67 ms;172.16.52.1;true;
;;;;;;;;;;13/09/15 15:02;3.25 ms;172.16.52.1;true;
;;;;;;;;;;13/09/15 14:02;3.28 ms;172.16.52.1;true;
;;;;;;;;;;13/09/15 13:02;0.45 ms;192.168.1.20;true;
;;;;;;;;;;13/09/15 13:02;12.95 ms;172.16.52.1;true;
;;;;;;;;;;13/09/15 12:02;5.0 ms;172.16.52.1;true;
;;;;;;;;;;13/09/15 10:02;3.23 ms;172.16.52.1;true;
;;;;;;;;;;13/09/15 09:02;5.32 ms;172.16.52.1;true;
;;;;;;;;;;13/09/15 08:02;3.32 ms;172.16.52.1;true;
;;;;;;;;;;13/09/15 07:02;3.3 ms;172.16.52.1;true;
;;;;;;;;;;13/09/15 06:02;3.27 ms;172.16.52.1;true;
;;;;;;;;;;13/09/15 05:02;3.26 ms;172.16.52.1;true;
;;;;;;;;;;13/09/15 04:02;3.1 ms;172.16.52.1;true;
;;;;;;;;;;13/09/15 03:02;3.13 ms;172.16.52.1;true;
;;;;;;;;;;13/09/15 02:02;4.3 ms;177.131.112.138;true;
;;;;;;;;;;13/09/15 00:02;3.12 ms;172.16.52.1;true;
;;;;;;;;;;12/09/15 23:02;3.11 ms;172.16.52.1;true;
;;;;;;;;;;12/09/15 22:02;2.36 ms;172.16.38.1;true;
;;;;;;;;;;12/09/15 22:02;3.05 ms;172.16.52.1;true;
;;;;;;;;;;12/09/15 21:02;2.12 ms;172.16.52.1;true;
;;;;;;;;;;12/09/15 20:02;2.74 ms;172.16.52.1;true;
;;;;;;;;;;12/09/15 19:02;3.16 ms;172.16.38.1;true;
;;;;;;;;;;12/09/15 19:02;3.12 ms;172.16.52.1;true;
;;;;;;;;;;12/09/15 18:02;3.03 ms;172.16.52.1;true;
;;;;;;;;;;12/09/15 17:02;3.08 ms;172.16.52.1;true;
;;;;;;;;;;12/09/15 16:02;3.1 ms;172.16.52.1;true;
;;;;;;;;;;12/09/15 15:02;3.11 ms;172.16.52.1;true;
;;;;;;;;;;12/09/15 15:02;15.74 ms;179.219.240.1;true;
;;;;;;;;;;12/09/15 14:02;2.68 ms;172.16.52.1;true;
;;;;;;;;;;12/09/15 13:02;2.77 ms;172.16.52.1;true;
;;;;;;;;;;12/09/15 12:02;11.24 ms;172.16.52.1;true;
;;;;;;;;;;12/09/15 11:02;11.2 ms;172.16.52.1;true;
;;;;;;;;;;12/09/15 09:02;3.12 ms;172.16.52.1;true;
;;;;;;;;;;12/09/15 08:02;3.14 ms;172.16.38.1;true;
;;;;;;;;;;12/09/15 08:02;3.11 ms;172.16.52.1;true;
;;;;;;;;;;12/09/15 07:02;10.71 ms;172.16.52.1;true;
;;;;;;;;;;12/09/15 06:02;3.37 ms;172.16.38.1;true;
;;;;;;;;;;12/09/15 06:02;3.31 ms;172.16.52.1;true;
;;;;;;;;;;12/09/15 05:02;4.2 ms;172.16.52.1;true;
;;;;;;;;;;12/09/15 04:02;3.16 ms;172.16.52.1;true;
;;;;;;;;;;12/09/15 03:02;3.17 ms;172.16.52.1;true;
;;;;;;;;;;12/09/15 02:02;3.12 ms;172.16.52.1;true;
;;;;;;;;;;12/09/15 01:02;3.13 ms;172.16.52.1;true;
;;;;;;;;;;12/09/15 00:02;11.39 ms;172.16.52.1;true;
;;;;;;;;;;11/09/15 23:02;3.11 ms;172.16.52.1;true;
;;;;;;;;;;11/09/15 21:02;3.12 ms;172.16.52.1;true;
;;;;;;;;;;11/09/15 19:02;3.08 ms;172.16.52.1;true;
;;;;;;;;;;11/09/15 18:02;3.21 ms;172.16.52.1;true;
;;;;;;;;;;11/09/15 17:02;3.25 ms;172.22.6.202;true;
;;;;;;;;;;11/09/15 16:02;2.86 ms;172.16.52.1;true;
;;;;;;;;;;11/09/15 15:02;3.12 ms;172.16.52.1;true;
;;;;;;;;;;11/09/15 14:02;3.14 ms;172.16.52.1;true;
;;;;;;;;;;11/09/15 13:02;3.01 ms;172.16.52.1;true;
;;;;;;;;;;11/09/15 12:02;3.05 ms;172.16.52.1;true;
;;;;;;;;;;11/09/15 10:02;3.06 ms;172.16.52.1;true;
;;;;;;;;;;11/09/15 08:02;3.16 ms;172.16.52.1;true;
;;;;;;;;;;11/09/15 07:02;3.26 ms;172.16.52.1;true;
;;;;;;;;;;11/09/15 06:02;3.27 ms;172.16.52.1;true;
;;;;;;;;;;11/09/15 03:02;3.1 ms;172.16.52.1;true;
;;;;;;;;;;11/09/15 02:02;4.15 ms;172.16.52.1;true;
;;;;;;;;;;11/09/15 01:02;2.74 ms;172.16.52.1;true;
;;;;;;;;;;11/09/15 00:02;3.27 ms;172.16.52.1;true;
;;;;;;;;;;10/09/15 23:02;4.39 ms;172.16.38.1;true;
;;;;;;;;;;10/09/15 23:02;3.26 ms;172.16.52.1;true;
;;;;;;;;;;10/09/15 22:02;3.23 ms;172.16.52.1;true;
;;;;;;;;;;10/09/15 21:02;3.08 ms;172.16.52.1;true;
;;;;;;;;;;10/09/15 20:02;3.12 ms;172.16.52.1;true;
;;;;;;;;;;10/09/15 19:02;19.53 ms;172.16.52.1;true;
;;;;;;;;;;10/09/15 18:02;3.05 ms;172.16.52.1;true;
;;;;;;;;;;10/09/15 17:02;18.06 ms;172.16.52.1;true;
;;;;;;;;;;10/09/15 15:02;3.0 ms;172.16.52.1;true;
;;;;;;;;;;10/09/15 14:02;3.24 ms;172.16.52.1;true;
;;;;;;;;;;10/09/15 13:02;3.19 ms;172.16.52.1;true;
;;;;;;;;;;10/09/15 12:02;3.1 ms;172.16.52.1;true;
;;;;;;;;;;10/09/15 11:02;11.24 ms;172.16.52.1;true;
;;;;;;;;;;10/09/15 10:02;3.24 ms;172.16.52.1;true;
;;;;;;;;;;10/09/15 09:02;0.64 ms;192.168.1.1;true;
;;;;;;;;;;10/09/15 09:02;3.87 ms;172.16.52.1;true;
;;;;;;;;;;10/09/15 08:02;3.73 ms;172.16.52.1;true;
;;;;;;;;;;10/09/15 07:02;3.21 ms;172.16.52.1;true;
;;;;;;;;;;10/09/15 06:02;2.92 ms;172.16.52.1;true;
;;;;;;;;;;10/09/15 05:02;3.41 ms;172.16.52.1;true;
;;;;;;;;;;10/09/15 03:02;3.27 ms;172.16.52.1;true;
;;;;;;;;;;10/09/15 02:02;3.26 ms;172.16.52.1;true;
;;;;;;;;;;10/09/15 01:02;3.12 ms;172.16.52.1;true;
;;;;;;;;;;10/09/15 00:02;2.77 ms;172.16.52.1;true;
;;;;;;;;;;09/09/15 23:02;3.44 ms;172.16.52.1;true;
;;;;;;;;;;09/09/15 22:02;3.81 ms;172.16.52.1;true;
;;;;;;;;;;09/09/15 21:02;3.53 ms;172.16.52.1;true;
;;;;;;;;;;09/09/15 20:50;0.49 ms;192.168.2.1;true;
;;;;;;;;;;09/09/15 20:02;3.02 ms;172.16.52.1;true;
;;;;;;;;;;09/09/15 19:02;2.92 ms;172.16.52.1;true;
;;;;;;;;;;09/09/15 18:02;3.17 ms;172.16.52.1;true;
;;;;;;;;;;09/09/15 17:02;11.23 ms;172.16.52.1;true;
;;;;;;;;;;09/09/15 16:02;3.27 ms;172.16.52.1;true;
;;;;;;;;;;08/09/15 23:02;3.25 ms;172.16.38.1;true;
;;;;;;;;;;08/09/15 22:02;3.02 ms;172.16.38.1;true;
;;;;;;;;;;08/09/15 22:02;2.67 ms;172.16.52.1;true;
;;;;;;;;;;04/09/15 11:02;3.06 ms;172.16.52.1;true;
;;;;;;;;;;04/09/15 09:02;3.04 ms;172.16.52.1;true;
;;;;;;;;;;04/09/15 08:02;3.13 ms;172.16.52.1;true;
;;;;;;;;;;04/09/15 06:02;3.11 ms;172.16.52.1;true;
;;;;;;;;;;04/09/15 05:02;3.35 ms;172.16.52.1;true;
;;;;;;;;;;04/09/15 04:02;3.19 ms;172.16.52.1;true;
;;;;;;;;;;04/09/15 03:02;3.13 ms;172.16.52.1;true;
;;;;;;;;;;04/09/15 02:02;4.25 ms;172.16.52.1;true;
;;;;;;;;;;04/09/15 00:02;3.26 ms;172.16.52.1;true;
;;;;;;;;;;03/09/15 23:02;3.74 ms;172.16.52.1;true;
;;;;;;;;;;03/09/15 22:02;2.4 ms;172.16.52.1;true;
;;;;;;;;;;03/09/15 21:02;2.99 ms;172.16.52.1;true;
;;;;;;;;;;03/09/15 20:02;3.0 ms;172.16.52.1;true;
;;;;;;;;;;03/09/15 19:02;3.22 ms;172.16.52.1;true;
;;;;;;;;;;03/09/15 18:02;3.08 ms;172.16.52.1;true;
;;;;;;;;;;03/09/15 17:02;10.65 ms;172.16.52.1;true;
;;;;;;;;;;03/09/15 16:02;5.95 ms;172.16.52.1;true;
;;;;;;;;;;03/09/15 15:02;10.94 ms;172.16.52.1;true;
;;;;;;;;;;03/09/15 14:02;3.29 ms;172.16.52.1;true;
;;;;;;;;;;03/09/15 13:02;3.23 ms;172.16.52.1;true;
;;;;;;;;;;03/09/15 12:02;3.13 ms;172.16.52.1;true;
;;;;;;;;;;03/09/15 11:02;2.61 ms;172.16.52.1;true;
;;;;;;;;;;03/09/15 10:02;3.02 ms;172.16.52.1;true;
;;;;;;;;;;03/09/15 09:02;3.04 ms;172.16.52.1;true;
;;;;;;;;;;03/09/15 08:02;3.23 ms;172.16.52.1;true;
;;;;;;;;;;03/09/15 07:02;3.38 ms;172.16.52.1;true;
;;;;;;;;;;03/09/15 06:02;3.42 ms;172.16.52.1;true;
;;;;;;;;;;03/09/15 05:02;3.36 ms;172.16.52.1;true;
;;;;;;;;;;03/09/15 04:02;3.31 ms;172.16.52.1;true;
;;;;;;;;;;03/09/15 03:02;3.18 ms;172.16.52.1;true;
;;;;;;;;;;03/09/15 02:02;3.47 ms;172.16.52.1;true;
;;;;;;;;;;03/09/15 01:02;3.17 ms;172.16.52.1;true;
;;;;;;;;;;03/09/15 00:02;3.37 ms;172.16.52.1;true;
;;;;;;;;;;02/09/15 23:02;3.18 ms;172.16.52.1;true;
;;;;;;;;;;02/09/15 22:02;3.6 ms;172.16.52.1;true;
;;;;;;;;;;02/09/15 18:02;3.23 ms;172.16.52.1;true;
;;;;;;;;;;02/09/15 17:02;8.58 ms;172.16.52.1;true;
;;;;;;;;;;02/09/15 15:02;3.04 ms;172.16.52.1;true;
;;;;;;;;;;02/09/15 14:02;3.13 ms;172.16.52.1;true;
;;;;;;;;;;02/09/15 13:02;11.43 ms;172.16.52.1;true;
;;;;;;;;;;02/09/15 12:02;11.5 ms;172.16.52.1;true;
;;;;;;;;;;02/09/15 11:02;3.12 ms;172.16.52.1;true;
;;;;;;;;;;02/09/15 10:02;3.08 ms;172.16.52.1;true;
;;;;;;;;;;02/09/15 09:02;17.85 ms;172.16.52.1;true;
;;;;;;;;;;02/09/15 08:02;3.09 ms;172.16.52.1;true;
;;;;;;;;;;02/09/15 07:02;2.82 ms;172.16.52.1;true;
;;;;;;;;;;02/09/15 06:02;3.46 ms;172.16.52.1;true;
;;;;;;;;;;02/09/15 05:02;2.82 ms;172.16.52.1;true;
;;;;;;;;;;02/09/15 04:02;3.15 ms;172.16.52.1;true;
;;;;;;;;;;02/09/15 03:02;3.16 ms;172.16.52.1;true;
;;;;;;;;;;02/09/15 02:02;3.06 ms;172.16.52.1;true;
;;;;;;;;;;02/09/15 01:02;2.49 ms;172.16.52.1;true;
;;;;;;;;;;01/09/15 23:02;3.75 ms;172.16.52.1;true;
;;;;;;;;;;01/09/15 22:02;3.75 ms;172.16.52.1;true;
;;;;;;;;;;01/09/15 21:02;3.52 ms;172.16.52.1;true;
;;;;;;;;;;01/09/15 20:02;0.5 ms;192.168.30.1;true;
;;;;;;;;;;01/09/15 20:02;2.84 ms;172.16.52.1;true;
;;;;;;;;;;01/09/15 19:02;3.17 ms;172.16.52.1;true;
;;;;;;;;;;01/09/15 18:02;3.2 ms;172.16.52.1;true;
;;;;;;;;;;01/09/15 17:02;3.2 ms;172.16.52.1;true;
;;;;;;;;;;01/09/15 16:02;19.66 ms;172.16.52.1;true;
;;;;;;;;;;01/09/15 15:02;27.54 ms;172.16.52.1;true;
;;;;;;;;;;01/09/15 14:02;6.45 ms;172.16.52.1;true;
;;;;;;;;;;01/09/15 13:02;3.76 ms;172.16.52.1;true;
;;;;;;;;;;01/09/15 12:02;3.21 ms;172.16.52.1;true;
;;;;;;;;;;01/09/15 11:02;3.57 ms;177.131.120.50;true;
;;;;;;;;;;01/09/15 11:02;3.02 ms;172.16.52.1;true;
;;;;;;;;;;01/09/15 10:02;3.05 ms;172.16.52.1;true;
;;;;;;;;;;01/09/15 09:02;10.41 ms;172.16.52.1;true;
;;;;;;;;;;01/09/15 08:02;3.19 ms;172.16.52.1;true;
;;;;;;;;;;01/09/15 07:02;3.21 ms;172.16.52.1;true;
;;;;;;;;;;01/09/15 06:02;3.38 ms;172.16.52.1;true;
;;;;;;;;;;01/09/15 04:02;0.46 ms;192.168.1.20;true;
;;;;;;;;;;01/09/15 04:02;3.18 ms;172.16.52.1;true;
;;;;;;;;;;01/09/15 03:02;3.22 ms;172.16.52.1;true;
;;;;;;;;;;01/09/15 02:02;3.31 ms;172.16.52.1;true;
;;;;;;;;;;01/09/15 01:02;3.28 ms;172.16.52.1;true;
;;;;;;;;;;01/09/15 00:02;11.42 ms;172.16.38.1;true;
;;;;;;;;;;01/09/15 00:02;3.24 ms;172.16.52.1;true;
;;;;;;;;;;31/08/15 23:02;3.21 ms;172.16.52.1;true;
;;;;;;;;;;31/08/15 22:02;3.11 ms;172.16.52.1;true;
;;;;;;;;;;31/08/15 21:02;3.06 ms;172.16.52.1;true;
;;;;;;;;;;31/08/15 20:02;3.11 ms;172.16.52.1;true;
;;;;;;;;;;31/08/15 19:02;9.69 ms;172.16.52.1;true;
;;;;;;;;;;31/08/15 18:02;3.15 ms;172.16.52.1;true;
;;;;;;;;;;31/08/15 17:02;3.24 ms;172.16.52.1;true;
;;;;;;;;;;31/08/15 16:02;0.85 ms;10.100.6.1;true;
;;;;;;;;;;31/08/15 16:02;3.16 ms;172.16.52.1;true;
;;;;;;;;;;31/08/15 15:02;3.1 ms;172.16.52.1;true;
;;;;;;;;;;31/08/15 13:02;3.19 ms;172.16.52.1;true;
;;;;;;;;;;31/08/15 12:02;3.09 ms;172.16.52.1;true;
;;;;;;;;;;31/08/15 11:02;5.11 ms;172.16.52.1;true;
;;;;;;;;;;31/08/15 10:02;3.3 ms;172.16.52.1;true;
;;;;;;;;;;31/08/15 09:02;3.18 ms;172.16.52.1;true;
;;;;;;;;;;31/08/15 08:02;3.04 ms;172.16.52.1;true;
;;;;;;;;;;31/08/15 07:02;10.58 ms;172.16.52.1;true;
;;;;;;;;;;31/08/15 06:02;3.11 ms;172.16.52.1;true;
;;;;;;;;;;31/08/15 05:02;3.3 ms;172.16.52.1;true;
;;;;;;;;;;31/08/15 04:02;3.31 ms;172.16.52.1;true;
;;;;;;;;;;31/08/15 03:02;3.3 ms;172.16.52.1;true;
;;;;;;;;;;31/08/15 02:02;3.09 ms;172.16.52.1;true;
;;;;;;;;;;31/08/15 01:02;3.14 ms;172.16.52.1;true;
;;;;;;;;;;31/08/15 00:02;3.18 ms;172.16.52.1;true;
;;;;;;;;;;30/08/15 23:02;3.24 ms;172.16.52.1;true;
;;;;;;;;;;30/08/15 22:02;3.28 ms;172.16.52.1;true;
;;;;;;;;;;30/08/15 21:02;3.24 ms;172.16.52.1;true;
;;;;;;;;;;30/08/15 20:02;0.47 ms;192.168.1.3;true;
;;;;;;;;;;30/08/15 20:02;3.43 ms;172.16.52.1;true;
;;;;;;;;;;30/08/15 19:02;3.2 ms;172.16.52.1;true;
;;;;;;;;;;30/08/15 18:02;11.14 ms;172.16.52.1;true;
;;;;;;;;;;30/08/15 17:02;3.01 ms;172.16.52.1;true;
;;;;;;;;;;30/08/15 16:02;3.17 ms;172.16.52.1;true;
;;;;;;;;;;30/08/15 15:02;2.67 ms;172.16.52.1;true;
;;;;;;;;;;30/08/15 14:02;11.39 ms;172.16.52.1;true;
;;;;;;;;;;30/08/15 13:02;3.05 ms;172.16.52.1;true;
;;;;;;;;;;30/08/15 12:02;3.07 ms;172.16.52.1;true;
;;;;;;;;;;30/08/15 11:02;3.39 ms;172.16.52.1;true;
;;;;;;;;;;30/08/15 10:02;3.15 ms;172.16.52.1;true;
;;;;;;;;;;30/08/15 09:02;11.41 ms;172.16.52.1;true;
;;;;;;;;;;30/08/15 08:02;3.24 ms;172.16.52.1;true;
;;;;;;;;;;30/08/15 07:02;3.12 ms;172.16.52.1;true;
;;;;;;;;;;30/08/15 06:02;3.27 ms;172.16.52.1;true;
;;;;;;;;;;30/08/15 05:02;2.67 ms;172.16.52.1;true;
;;;;;;;;;;30/08/15 04:02;3.27 ms;172.16.52.1;true;
;;;;;;;;;;30/08/15 03:02;3.51 ms;172.16.52.1;true;
;;;;;;;;;;30/08/15 02:02;3.3 ms;172.16.52.1;true;
;;;;;;;;;;30/08/15 01:02;3.16 ms;172.16.38.1;true;
;;;;;;;;;;30/08/15 00:02;2.43 ms;172.16.52.1;true;
;;;;;;;;;;29/08/15 23:02;4.68 ms;172.16.52.1;true;
;;;;;;;;;;29/08/15 22:02;4.12 ms;172.16.38.1;true;
;;;;;;;;;;29/08/15 22:02;3.22 ms;172.16.52.1;true;
;;;;;;;;;;29/08/15 21:02;5.45 ms;172.16.38.1;true;
;;;;;;;;;;29/08/15 21:02;4.54 ms;172.16.52.1;true;
;;;;;;;;;;29/08/15 20:02;3.21 ms;172.16.52.1;true;
;;;;;;;;;;29/08/15 19:02;11.26 ms;172.16.52.1;true;
;;;;;;;;;;29/08/15 18:02;3.24 ms;172.16.52.1;true;
;;;;;;;;;;29/08/15 17:02;3.2 ms;172.16.52.1;true;
;;;;;;;;;;29/08/15 16:02;2.94 ms;172.16.52.1;true;
;;;;;;;;;;29/08/15 15:02;12.02 ms;189.6.224.1;true;
;;;;;;;;;;29/08/15 15:02;4.03 ms;172.16.52.1;true;
;;;;;;;;;;29/08/15 14:02;11.49 ms;172.16.52.1;true;
;;;;;;;;;;29/08/15 13:02;3.2 ms;172.16.52.1;true;
;;;;;;;;;;29/08/15 12:02;0.45 ms;192.168.2.1;true;
;;;;;;;;;;29/08/15 12:02;2.93 ms;172.16.52.1;true;
;;;;;;;;;;29/08/15 11:02;3.18 ms;172.16.52.1;true;
;;;;;;;;;;29/08/15 10:02;3.2 ms;172.16.52.1;true;
;;;;;;;;;;29/08/15 09:02;4.01 ms;172.16.52.1;true;
;;;;;;;;;;29/08/15 08:02;2.62 ms;172.16.52.1;true;
;;;;;;;;;;29/08/15 07:02;3.29 ms;172.16.52.1;true;
;;;;;;;;;;29/08/15 06:02;3.03 ms;172.16.38.1;true;
;;;;;;;;;;29/08/15 06:02;3.26 ms;172.16.52.1;true;
;;;;;;;;;;29/08/15 05:02;3.18 ms;172.16.38.1;true;
;;;;;;;;;;29/08/15 05:02;3.14 ms;172.16.52.1;true;
;;;;;;;;;;29/08/15 04:02;3.15 ms;172.16.52.1;true;
;;;;;;;;;;29/08/15 03:02;4.21 ms;172.16.38.1;true;
;;;;;;;;;;29/08/15 03:02;3.3 ms;172.16.52.1;true;
;;;;;;;;;;29/08/15 02:02;3.21 ms;172.16.52.1;true;
;;;;;;;;;;29/08/15 01:02;3.27 ms;172.16.52.1;true;
;;;;;;;;;;28/08/15 23:02;3.2 ms;172.16.52.1;true;
;;;;;;;;;;28/08/15 22:02;2.67 ms;172.16.52.1;true;
;;;;;;;;;;28/08/15 21:02;3.44 ms;172.16.52.1;true;
;;;;;;;;;;28/08/15 20:02;3.23 ms;172.16.52.1;true;
;;;;;;;;;;28/08/15 18:02;3.26 ms;172.16.52.1;true;
;;;;;;;;;;28/08/15 17:02;4.16 ms;172.16.38.1;true;
;;;;;;;;;;28/08/15 17:02;2.96 ms;172.16.52.1;true;
;;;;;;;;;;28/08/15 16:02;3.23 ms;172.16.52.1;true;
;;;;;;;;;;28/08/15 15:02;3.12 ms;172.16.52.1;true;
;;;;;;;;;;28/08/15 14:02;3.05 ms;172.16.52.1;true;
;;;;;;;;;;28/08/15 11:02;3.21 ms;172.16.52.1;true;
;;;;;;;;;;28/08/15 10:02;3.21 ms;172.16.52.1;true;
;;;;;;;;;;28/08/15 09:02;3.26 ms;172.16.52.1;true;
;;;;;;;;;;28/08/15 08:02;3.0 ms;172.16.52.1;true;
;;;;;;;;;;28/08/15 07:02;3.1 ms;172.16.52.1;true;
;;;;;;;;;;28/08/15 06:02;3.22 ms;172.16.52.1;true;
;;;;;;;;;;28/08/15 05:02;3.28 ms;172.16.52.1;true;
;;;;;;;;;;28/08/15 04:02;3.35 ms;172.16.52.1;true;
;;;;;;;;;;28/08/15 03:02;3.28 ms;172.16.52.1;true;
;;;;;;;;;;28/08/15 02:02;2.8 ms;172.16.52.1;true;
;;;;;;;;;;28/08/15 01:02;3.15 ms;172.16.52.1;true;
;;;;;;;;;;28/08/15 00:02;3.26 ms;172.16.52.1;true;
;;;;;;;;;;27/08/15 23:02;11.34 ms;172.16.52.1;true;
;;;;;;;;;;27/08/15 22:02;2.6 ms;172.16.52.1;true;
;;;;;;;;;;27/08/15 21:02;3.25 ms;172.16.52.1;true;
;;;;;;;;;;27/08/15 20:02;11.41 ms;172.16.52.1;true;
;;;;;;;;;;27/08/15 19:02;3.09 ms;172.16.52.1;true;
;;;;;;;;;;27/08/15 18:27;2.99 ms;177.131.112.138;true;
;;;;;;;;;;27/08/15 18:02;2.81 ms;172.16.52.1;true;
;;;;;;;;;;27/08/15 17:02;2.65 ms;172.16.52.1;true;
;;;;;;;;;;27/08/15 16:02;3.24 ms;172.16.52.1;true;
;;;;;;;;;;27/08/15 15:02;3.04 ms;172.16.52.1;true;
;;;;;;;;;;27/08/15 14:02;3.16 ms;172.16.52.1;true;
;;;;;;;;;;27/08/15 13:02;11.23 ms;172.16.52.1;true;
;;;;;;;;;;27/08/15 12:02;3.06 ms;172.16.52.1;true;
;;;;;;;;;;27/08/15 11:02;3.24 ms;172.16.52.1;true;
;;;;;;;;;;27/08/15 09:02;3.25 ms;172.16.52.1;true;
;;;;;;;;;;27/08/15 08:02;3.23 ms;172.16.52.1;true;
;;;;;;;;;;27/08/15 06:02;11.43 ms;172.16.52.1;true;
;;;;;;;;;;27/08/15 05:28;4.58 ms;172.16.52.1;true;
;;;;;;;;;;27/08/15 05:02;3.28 ms;172.16.52.1;true;
;;;;;;;;;;27/08/15 04:02;3.3 ms;172.16.52.1;true;
;;;;;;;;;;27/08/15 03:02;2.82 ms;172.16.52.1;true;
;;;;;;;;;;27/08/15 02:02;3.22 ms;172.16.52.1;true;
;;;;;;;;;;27/08/15 01:02;2.94 ms;172.16.52.1;true;
;;;;;;;;;;27/08/15 00:38;3.59 ms;172.16.52.1;true;
;;;;;;;;;;27/08/15 00:02;3.02 ms;172.16.38.1;true;
;;;;;;;;;;27/08/15 00:02;3.05 ms;172.16.52.1;true;
;;;;;;;;;;26/08/15 23:02;3.23 ms;172.16.52.1;true;
;;;;;;;;;;26/08/15 22:02;3.2 ms;172.16.52.1;true;
;;;;;;;;;;26/08/15 21:02;5.07 ms;172.16.52.1;true;
;;;;;;;;;;26/08/15 20:02;3.2 ms;172.16.52.1;true;
;;;;;;;;;;26/08/15 19:02;3.22 ms;172.16.52.1;true;
;;;;;;;;;;26/08/15 18:02;19.48 ms;172.16.52.1;true;
;;;;;;;;;;26/08/15 15:02;3.2 ms;172.16.52.1;true;
;;;;;;;;;;26/08/15 14:02;3.25 ms;172.16.52.1;true;
;;;;;;;;;;26/08/15 13:02;3.04 ms;172.16.52.1;true;
;;;;;;;;;;26/08/15 12:02;3.29 ms;172.16.52.1;true;
;;;;;;;;;;26/08/15 11:02;2.72 ms;172.16.52.1;true;
;;;;;;;;;;26/08/15 10:02;0.47 ms;192.168.1.3;true;
;;;;;;;;;;26/08/15 10:02;11.4 ms;172.16.52.1;true;
;;;;;;;;;;26/08/15 09:02;3.1 ms;172.16.52.1;true;
;;;;;;;;;;26/08/15 08:02;10.95 ms;172.16.52.1;true;
;;;;;;;;;;26/08/15 07:02;3.18 ms;172.16.52.1;true;
;;;;;;;;;;26/08/15 06:02;2.83 ms;172.16.52.1;true;
;;;;;;;;;;26/08/15 05:02;0.58 ms;192.168.1.1;true;
;;;;;;;;;;26/08/15 05:02;3.27 ms;172.16.52.1;true;
;;;;;;;;;;26/08/15 04:02;3.03 ms;172.16.52.1;true;
;;;;;;;;;;26/08/15 03:02;3.27 ms;172.16.52.1;true;
;;;;;;;;;;26/08/15 02:02;3.31 ms;172.16.52.1;true;
;;;;;;;;;;26/08/15 01:02;3.31 ms;172.16.52.1;true;
;;;;;;;;;;25/08/15 23:02;3.19 ms;172.16.52.1;true;
;;;;;;;;;;25/08/15 22:02;3.07 ms;172.16.52.1;true;
;;;;;;;;;;25/08/15 21:02;3.18 ms;172.16.52.1;true;
;;;;;;;;;;25/08/15 20:02;3.09 ms;172.16.52.1;true;
;;;;;;;;;;25/08/15 17:02;3.35 ms;172.16.38.1;true;
;;;;;;;;;;25/08/15 17:02;3.22 ms;172.16.52.1;true;
;;;;;;;;;;25/08/15 15:02;3.15 ms;172.16.38.1;true;
;;;;;;;;;;25/08/15 15:02;3.23 ms;172.16.52.1;true;
;;;;;;;;;;25/08/15 14:02;7.31 ms;172.16.52.1;true;
;;;;;;;;;;25/08/15 13:02;3.07 ms;172.16.52.1;true;
;;;;;;;;;;25/08/15 12:02;11.28 ms;172.16.52.1;true;
;;;;;;;;;;25/08/15 10:02;3.28 ms;172.16.52.1;true;
;;;;;;;;;;25/08/15 07:02;3.31 ms;172.16.52.1;true;
;;;;;;;;;;25/08/15 06:27;1.86 ms;172.16.1.250;true;
;;;;;;;;;;25/08/15 06:02;3.39 ms;172.16.38.1;true;
;;;;;;;;;;25/08/15 06:02;3.14 ms;172.16.52.1;true;
;;;;;;;;;;25/08/15 04:02;3.29 ms;172.16.52.1;true;
;;;;;;;;;;25/08/15 02:02;3.22 ms;172.16.52.1;true;
;;;;;;;;;;25/08/15 00:02;3.19 ms;172.16.52.1;true;
;;;;;;;;;;24/08/15 23:02;2.54 ms;172.16.52.1;true;
;;;;;;;;;;24/08/15 22:02;3.18 ms;172.16.52.1;true;
;;;;;;;;;;24/08/15 21:02;3.22 ms;172.16.52.1;true;
;;;;;;;;;;24/08/15 20:02;5.24 ms;172.16.38.1;true;
;;;;;;;;;;24/08/15 20:02;3.23 ms;172.16.52.1;true;
;;;;;;;;;;24/08/15 19:02;3.2 ms;172.16.52.1;true;
;;;;;;;;;;24/08/15 18:02;3.21 ms;172.16.52.1;true;
;;;;;;;;;;24/08/15 17:02;3.2 ms;172.16.52.1;true;
;;;;;;;;;;24/08/15 16:02;3.09 ms;172.16.52.1;true;
;;;;;;;;;;24/08/15 15:02;11.37 ms;172.16.52.1;true;
;;;;;;;;;;24/08/15 14:02;3.17 ms;172.16.52.1;true;
;;;;;;;;;;24/08/15 13:02;3.16 ms;172.16.52.1;true;
;;;;;;;;;;24/08/15 12:02;3.18 ms;172.16.52.1;true;
;;;;;;;;;;24/08/15 11:02;3.21 ms;172.16.52.1;true;
;;;;;;;;;;24/08/15 10:02;3.39 ms;172.16.52.1;true;
;;;;;;;;;;24/08/15 09:02;3.01 ms;172.16.52.1;true;
;;;;;;;;;;24/08/15 07:02;6.71 ms;172.16.52.1;true;
;;;;;;;;;;24/08/15 06:02;3.33 ms;172.16.52.1;true;
;;;;;;;;;;24/08/15 05:02;3.24 ms;172.16.52.1;true;
;;;;;;;;;;24/08/15 04:02;2.96 ms;172.16.52.1;true;
;;;;;;;;;;24/08/15 03:02;3.13 ms;172.16.52.1;true;
;;;;;;;;;;24/08/15 02:02;3.22 ms;172.16.52.1;true;
;;;;;;;;;;24/08/15 01:02;3.27 ms;172.16.52.1;true;
;;;;;;;;;;24/08/15 00:02;3.21 ms;172.16.52.1;true;
;;;;;;;;;;23/08/15 23:02;3.21 ms;172.16.52.1;true;
;;;;;;;;;;23/08/15 22:02;3.24 ms;172.16.52.1;true;
;;;;;;;;;;23/08/15 21:02;3.23 ms;172.16.52.1;true;
;;;;;;;;;;23/08/15 20:02;3.23 ms;172.16.52.1;true;
;;;;;;;;;;23/08/15 19:02;10.36 ms;172.16.52.1;true;
;;;;;;;;;;23/08/15 18:02;3.01 ms;172.16.52.1;true;
;;;;;;;;;;23/08/15 17:02;2.86 ms;172.16.52.1;true;
;;;;;;;;;;23/08/15 16:02;3.21 ms;172.16.52.1;true;
;;;;;;;;;;23/08/15 15:02;3.22 ms;172.16.52.1;true;
;;;;;;;;;;23/08/15 14:02;3.52 ms;172.16.52.1;true;
;;;;;;;;;;23/08/15 12:02;3.77 ms;172.16.52.1;true;
;;;;;;;;;;23/08/15 11:02;4.13 ms;172.16.52.1;true;
;;;;;;;;;;23/08/15 10:02;3.04 ms;172.16.52.1;true;
;;;;;;;;;;23/08/15 09:02;3.22 ms;172.16.52.1;true;
;;;;;;;;;;23/08/15 08:02;3.38 ms;172.16.52.1;true;
;;;;;;;;;;23/08/15 07:02;3.22 ms;172.16.52.1;true;
;;;;;;;;;;23/08/15 06:02;0.45 ms;192.168.1.20;true;
;;;;;;;;;;23/08/15 06:02;3.24 ms;172.16.52.1;true;
;;;;;;;;;;23/08/15 05:02;3.15 ms;172.16.52.1;true;
;;;;;;;;;;23/08/15 04:02;2.56 ms;172.16.52.1;true;
;;;;;;;;;;23/08/15 03:02;3.28 ms;172.16.52.1;true;
;;;;;;;;;;23/08/15 02:02;3.28 ms;172.16.52.1;true;
;;;;;;;;;;23/08/15 01:02;3.15 ms;172.16.52.1;true;
;;;;;;;;;;23/08/15 00:02;3.24 ms;172.16.52.1;true;
;;;;;;;;;;22/08/15 23:02;3.26 ms;172.16.52.1;true;
;;;;;;;;;;22/08/15 22:02;3.1 ms;172.16.52.1;true;
;;;;;;;;;;22/08/15 21:02;19.37 ms;172.16.52.1;true;
;;;;;;;;;;22/08/15 20:02;3.16 ms;172.16.52.1;true;
;;;;;;;;;;22/08/15 19:02;11.23 ms;172.16.52.1;true;
;;;;;;;;;;22/08/15 18:02;19.66 ms;172.16.52.1;true;
;;;;;;;;;;22/08/15 17:02;3.21 ms;172.16.52.1;true;
;;;;;;;;;;22/08/15 16:02;3.22 ms;172.16.52.1;true;
;;;;;;;;;;22/08/15 15:02;3.02 ms;172.16.52.1;true;
;;;;;;;;;;22/08/15 14:02;11.25 ms;172.16.52.1;true;
;;;;;;;;;;22/08/15 13:02;3.23 ms;172.16.52.1;true;
;;;;;;;;;;22/08/15 12:02;3.18 ms;172.16.52.1;true;
;;;;;;;;;;22/08/15 11:02;3.24 ms;172.16.52.1;true;
;;;;;;;;;;22/08/15 10:02;3.21 ms;172.16.52.1;true;
;;;;;;;;;;22/08/15 09:02;2.54 ms;172.16.52.1;true;
;;;;;;;;;;22/08/15 08:02;3.11 ms;172.16.52.1;true;
;;;;;;;;;;22/08/15 07:02;2.9 ms;172.16.52.1;true;
;;;;;;;;;;22/08/15 06:02;19.41 ms;172.16.52.1;true;
;;;;;;;;;;22/08/15 05:02;3.24 ms;172.16.52.1;true;
;;;;;;;;;;22/08/15 04:02;3.28 ms;172.16.52.1;true;
;;;;;;;;;;22/08/15 03:02;3.27 ms;172.16.52.1;true;
;;;;;;;;;;22/08/15 02:02;3.13 ms;172.16.52.1;true;
;;;;;;;;;;22/08/15 01:02;3.08 ms;172.16.52.1;true;
;;;;;;;;;;22/08/15 00:02;11.52 ms;172.16.52.1;true;
;;;;;;;;;;21/08/15 23:02;3.28 ms;172.16.52.1;true;
;;;;;;;;;;21/08/15 22:02;3.21 ms;172.16.52.1;true;
;;;;;;;;;;21/08/15 21:02;2.57 ms;172.16.52.1;true;
;;;;;;;;;;21/08/15 20:02;0.44 ms;192.168.1.20;true;
;;;;;;;;;;21/08/15 20:02;3.18 ms;172.16.52.1;true;
;;;;;;;;;;21/08/15 19:02;3.1 ms;172.16.52.1;true;
;;;;;;;;;;21/08/15 17:02;12.24 ms;172.16.52.1;true;
;;;;;;;;;;21/08/15 16:02;19.83 ms;172.16.52.1;true;
;;;;;;;;;;21/08/15 15:02;3.15 ms;172.16.52.1;true;
;;;;;;;;;;21/08/15 14:02;2.84 ms;172.16.52.1;true;
;;;;;;;;;;21/08/15 13:02;3.21 ms;172.16.52.1;true;
;;;;;;;;;;21/08/15 12:02;3.06 ms;172.16.52.1;true;
;;;;;;;;;;21/08/15 11:02;3.6 ms;172.16.52.1;true;
;;;;;;;;;;21/08/15 10:02;3.04 ms;172.16.52.1;true;
;;;;;;;;;;21/08/15 09:02;3.22 ms;172.16.52.1;true;
;;;;;;;;;;21/08/15 08:02;3.11 ms;172.16.52.1;true;
;;;;;;;;;;21/08/15 07:02;3.05 ms;172.16.52.1;true;
;;;;;;;;;;21/08/15 06:02;2.56 ms;172.16.52.1;true;
;;;;;;;;;;21/08/15 05:02;3.19 ms;172.16.52.1;true;
;;;;;;;;;;21/08/15 04:02;3.27 ms;172.16.52.1;true;
;;;;;;;;;;21/08/15 03:02;3.32 ms;172.16.52.1;true;
;;;;;;;;;;21/08/15 02:02;3.27 ms;172.16.52.1;true;
;;;;;;;;;;21/08/15 01:02;3.3 ms;172.16.52.1;true;
;;;;;;;;;;21/08/15 00:02;3.28 ms;172.16.52.1;true;
;;;;;;;;;;20/08/15 23:02;3.18 ms;172.16.52.1;true;
;;;;;;;;;;20/08/15 22:02;3.07 ms;172.16.52.1;true;
;;;;;;;;;;20/08/15 21:02;3.19 ms;172.16.52.1;true;
;;;;;;;;;;20/08/15 20:02;3.0 ms;172.16.52.1;true;
;;;;;;;;;;20/08/15 19:02;3.24 ms;172.16.52.1;true;
;;;;;;;;;;20/08/15 18:02;3.1 ms;172.16.52.1;true;
;;;;;;;;;;20/08/15 17:02;3.19 ms;172.16.52.1;true;
;;;;;;;;;;20/08/15 16:02;3.17 ms;172.16.52.1;true;
;;;;;;;;;;20/08/15 15:02;3.18 ms;172.16.52.1;true;
;;;;;;;;;;20/08/15 14:02;3.25 ms;172.16.52.1;true;
;;;;;;;;;;20/08/15 13:02;22.13 ms;172.16.52.1;true;
;;;;;;;;;;20/08/15 12:02;3.28 ms;172.16.52.1;true;
;;;;;;;;;;20/08/15 11:02;3.08 ms;172.16.52.1;true;
;;;;;;;;;;20/08/15 10:02;3.17 ms;172.16.52.1;true;
;;;;;;;;;;20/08/15 09:02;3.24 ms;172.16.52.1;true;
;;;;;;;;;;20/08/15 07:02;27.49 ms;172.16.52.1;true;
;;;;;;;;;;20/08/15 06:02;3.26 ms;172.16.52.1;true;
;;;;;;;;;;20/08/15 04:02;3.37 ms;172.16.52.1;true;
;;;;;;;;;;20/08/15 03:02;3.08 ms;172.16.52.1;true;
;;;;;;;;;;20/08/15 02:02;3.28 ms;172.16.52.1;true;
;;;;;;;;;;20/08/15 01:02;3.25 ms;172.16.52.1;true;
;;;;;;;;;;20/08/15 00:02;3.67 ms;172.16.52.1;true;
;;;;;;;;;;19/08/15 21:02;2.93 ms;172.16.52.1;true;
;;;;;;;;;;19/08/15 19:02;3.07 ms;172.16.52.1;true;
;;;;;;;;;;19/08/15 18:02;3.92 ms;172.16.52.1;true;
;;;;;;;;;;19/08/15 17:02;12.49 ms;172.16.52.1;true;
;;;;;;;;;;19/08/15 16:02;184.73 ms;172.16.52.1;true;
;;;;;;;;;;19/08/15 15:02;3.19 ms;172.16.52.1;true;
;;;;;;;;;;19/08/15 14:02;3.22 ms;172.16.52.1;true;
;;;;;;;;;;19/08/15 13:02;3.12 ms;172.16.52.1;true;
;;;;;;;;;;19/08/15 12:02;3.26 ms;172.16.52.1;true;
;;;;;;;;;;19/08/15 11:02;3.24 ms;172.16.52.1;true;
;;;;;;;;;;19/08/15 10:02;3.22 ms;172.16.52.1;true;
;;;;;;;;;;19/08/15 09:02;3.22 ms;172.16.52.1;true;
;;;;;;;;;;19/08/15 08:02;3.24 ms;172.16.52.1;true;
;;;;;;;;;;19/08/15 07:02;3.16 ms;172.16.52.1;true;
;;;;;;;;;;19/08/15 06:27;0.56 ms;192.168.0.1;true;
;;;;;;;;;;19/08/15 06:02;3.31 ms;172.16.52.1;true;
;;;;;;;;;;19/08/15 05:02;3.31 ms;172.16.52.1;true;
;;;;;;;;;;19/08/15 04:02;3.32 ms;172.16.52.1;true;
;;;;;;;;;;19/08/15 03:02;3.28 ms;172.16.52.1;true;
;;;;;;;;;;19/08/15 02:02;3.25 ms;172.16.52.1;true;
;;;;;;;;;;19/08/15 01:02;3.32 ms;172.16.52.1;true;
;;;;;;;;;;19/08/15 00:02;3.25 ms;172.16.52.1;true;
;;;;;;;;;;18/08/15 23:02;3.07 ms;172.16.52.1;true;
;;;;;;;;;;18/08/15 22:02;3.05 ms;172.16.52.1;true;
;;;;;;;;;;18/08/15 21:02;3.18 ms;172.16.52.1;true;
;;;;;;;;;;18/08/15 20:02;3.3 ms;172.16.52.1;true;
;;;;;;;;;;18/08/15 19:02;1.3 ms;177.75.160.170;true;
;;;;;;;;;;18/08/15 19:02;2.67 ms;172.16.52.1;true;
;;;;;;;;;;18/08/15 18:02;3.05 ms;172.16.52.1;true;
;;;;;;;;;;18/08/15 16:02;3.17 ms;172.16.52.1;true;
;;;;;;;;;;18/08/15 15:02;19.41 ms;172.16.52.1;true;
;;;;;;;;;;18/08/15 14:02;3.18 ms;172.16.52.1;true;
;;;;;;;;;;18/08/15 13:02;8.95 ms;172.16.52.1;true;
;;;;;;;;;;18/08/15 12:02;3.11 ms;172.16.52.1;true;
;;;;;;;;;;18/08/15 11:02;11.94 ms;172.16.52.1;true;
;;;;;;;;;;18/08/15 10:02;3.23 ms;172.16.52.1;true;
;;;;;;;;;;18/08/15 09:02;11.23 ms;172.16.52.1;true;
;;;;;;;;;;18/08/15 08:02;3.26 ms;172.16.52.1;true;
;;;;;;;;;;18/08/15 07:02;3.23 ms;172.16.52.1;true;
;;;;;;;;;;18/08/15 05:02;3.12 ms;172.16.52.1;true;
;;;;;;;;;;18/08/15 04:02;3.23 ms;172.16.52.1;true;
;;;;;;;;;;18/08/15 03:02;3.13 ms;172.16.52.1;true;
;;;;;;;;;;18/08/15 02:02;3.14 ms;172.16.52.1;true;
;;;;;;;;;;18/08/15 01:02;3.11 ms;172.16.52.1;true;
;;;;;;;;;;18/08/15 00:02;3.26 ms;172.16.52.1;true;
;;;;;;;;;;17/08/15 23:02;3.19 ms;172.16.52.1;true;
;;;;;;;;;;17/08/15 22:02;3.23 ms;172.16.52.1;true;
;;;;;;;;;;17/08/15 21:02;3.2 ms;172.16.52.1;true;
;;;;;;;;;;17/08/15 20:02;3.09 ms;172.16.52.1;true;
;;;;;;;;;;17/08/15 19:02;10.51 ms;172.16.52.1;true;
;;;;;;;;;;17/08/15 18:02;3.16 ms;172.16.52.1;true;
;;;;;;;;;;17/08/15 17:02;3.18 ms;172.16.52.1;true;
;;;;;;;;;;17/08/15 16:02;3.25 ms;172.16.52.1;true;
;;;;;;;;;;17/08/15 15:02;3.2 ms;172.16.52.1;true;
;;;;;;;;;;17/08/15 14:02;3.22 ms;172.16.52.1;true;
;;;;;;;;;;17/08/15 13:02;3.09 ms;172.16.52.1;true;
;;;;;;;;;;17/08/15 12:02;3.2 ms;172.16.52.1;true;
;;;;;;;;;;17/08/15 11:02;3.21 ms;172.16.52.1;true;
;;;;;;;;;;17/08/15 10:02;3.23 ms;172.16.52.1;true;
;;;;;;;;;;17/08/15 09:02;10.82 ms;172.16.52.1;true;
;;;;;;;;;;17/08/15 08:02;3.19 ms;172.16.52.1;true;
;;;;;;;;;;17/08/15 07:02;3.22 ms;172.16.52.1;true;
;;;;;;;;;;17/08/15 06:02;3.12 ms;172.16.52.1;true;
;;;;;;;;;;17/08/15 05:02;3.27 ms;172.16.52.1;true;
;;;;;;;;;;17/08/15 04:02;3.27 ms;172.16.52.1;true;
;;;;;;;;;;17/08/15 03:02;3.27 ms;172.16.52.1;true;
;;;;;;;;;;17/08/15 02:02;3.62 ms;172.16.52.1;true;
;;;;;;;;;;17/08/15 01:02;2.51 ms;172.16.52.1;true;
;;;;;;;;;;17/08/15 00:02;3.26 ms;172.16.52.1;true;
;;;;;;;;;;16/08/15 23:02;3.0 ms;172.16.52.1;true;
;;;;;;;;;;16/08/15 22:02;3.12 ms;172.16.52.1;true;
;;;;;;;;;;16/08/15 21:02;3.24 ms;172.16.52.1;true;
;;;;;;;;;;16/08/15 20:02;3.22 ms;172.16.52.1;true;
;;;;;;;;;;16/08/15 19:02;2.84 ms;172.16.52.1;true;
;;;;;;;;;;16/08/15 18:02;3.02 ms;172.16.38.1;true;
;;;;;;;;;;16/08/15 18:02;3.19 ms;172.16.52.1;true;
;;;;;;;;;;16/08/15 17:02;3.06 ms;172.16.52.1;true;
;;;;;;;;;;16/08/15 15:02;3.22 ms;172.16.52.1;true;
;;;;;;;;;;16/08/15 14:02;3.25 ms;172.16.52.1;true;
;;;;;;;;;;16/08/15 13:02;0.82 ms;192.168.1.1;true;
;;;;;;;;;;16/08/15 13:02;3.24 ms;172.16.52.1;true;
;;;;;;;;;;16/08/15 12:02;3.18 ms;172.16.52.1;true;
;;;;;;;;;;16/08/15 11:02;4.06 ms;172.16.38.1;true;
;;;;;;;;;;16/08/15 11:02;3.31 ms;172.16.52.1;true;
;;;;;;;;;;16/08/15 10:02;3.23 ms;172.16.52.1;true;
;;;;;;;;;;16/08/15 09:02;3.1 ms;172.16.52.1;true;
;;;;;;;;;;16/08/15 08:02;3.25 ms;172.16.52.1;true;
;;;;;;;;;;16/08/15 07:02;2.88 ms;172.16.52.1;true;
;;;;;;;;;;16/08/15 06:02;3.21 ms;172.16.52.1;true;
;;;;;;;;;;16/08/15 04:02;3.25 ms;172.16.52.1;true;
;;;;;;;;;;16/08/15 03:02;3.25 ms;172.16.52.1;true;
;;;;;;;;;;16/08/15 02:02;3.08 ms;172.16.52.1;true;
;;;;;;;;;;16/08/15 00:02;3.22 ms;172.16.52.1;true;
;;;;;;;;;;15/08/15 23:02;3.01 ms;172.16.38.1;true;
;;;;;;;;;;15/08/15 23:02;3.27 ms;172.16.52.1;true;
;;;;;;;;;;15/08/15 22:02;19.63 ms;172.16.52.1;true;
;;;;;;;;;;15/08/15 21:02;3.05 ms;172.16.38.1;true;
;;;;;;;;;;15/08/15 21:02;3.17 ms;172.16.52.1;true;
;;;;;;;;;;15/08/15 20:02;5.0 ms;172.16.52.1;true;
;;;;;;;;;;15/08/15 18:02;3.69 ms;172.16.52.1;true;
;;;;;;;;;;15/08/15 17:02;3.2 ms;172.16.52.1;true;
;;;;;;;;;;15/08/15 16:02;2.91 ms;172.16.52.1;true;
;;;;;;;;;;15/08/15 15:02;3.9 ms;172.16.38.1;true;
;;;;;;;;;;15/08/15 15:02;2.65 ms;172.16.52.1;true;
;;;;;;;;;;15/08/15 14:02;3.14 ms;172.16.52.1;true;
;;;;;;;;;;15/08/15 14:02;23.52 ms;172.16.38.1;true;
;;;;;;;;;;15/08/15 13:02;5.23 ms;172.16.52.1;true;
;;;;;;;;;;15/08/15 12:02;3.21 ms;172.16.52.1;true;
;;;;;;;;;;15/08/15 11:02;3.22 ms;172.16.52.1;true;
;;;;;;;;;;15/08/15 10:02;3.26 ms;172.16.52.1;true;
;;;;;;;;;;15/08/15 09:02;11.57 ms;172.16.52.1;true;
;;;;;;;;;;15/08/15 08:02;3.26 ms;172.16.52.1;true;
;;;;;;;;;;15/08/15 07:02;3.19 ms;172.16.38.1;true;
;;;;;;;;;;15/08/15 07:02;3.13 ms;172.16.52.1;true;
;;;;;;;;;;15/08/15 06:02;3.02 ms;172.16.38.1;true;
;;;;;;;;;;15/08/15 06:02;3.15 ms;172.16.52.1;true;
;;;;;;;;;;15/08/15 05:02;3.25 ms;172.16.52.1;true;
;;;;;;;;;;15/08/15 04:02;3.23 ms;172.16.52.1;true;
;;;;;;;;;;15/08/15 03:02;3.23 ms;172.16.52.1;true;
;;;;;;;;;;15/08/15 02:02;3.22 ms;172.16.52.1;true;
;;;;;;;;;;15/08/15 00:02;3.11 ms;172.16.52.1;true;
;;;;;;;;;;14/08/15 23:02;3.15 ms;172.16.52.1;true;
;;;;;;;;;;14/08/15 22:02;2.88 ms;172.16.52.1;true;
;;;;;;;;;;14/08/15 21:02;2.99 ms;172.16.38.1;true;
;;;;;;;;;;14/08/15 21:02;3.17 ms;172.16.52.1;true;
;;;;;;;;;;14/08/15 20:02;3.3 ms;172.16.52.1;true;
;;;;;;;;;;14/08/15 19:02;1.83 ms;192.168.1.1;true;
;;;;;;;;;;14/08/15 19:02;3.15 ms;172.16.52.1;true;
;;;;;;;;;;14/08/15 18:02;3.17 ms;172.16.52.1;true;
;;;;;;;;;;14/08/15 16:02;0.61 ms;192.168.1.1;true;
;;;;;;;;;;14/08/15 16:02;3.04 ms;172.16.52.1;true;
;;;;;;;;;;14/08/15 15:02;3.03 ms;172.16.38.1;true;
;;;;;;;;;;14/08/15 15:02;2.69 ms;172.16.52.1;true;
;;;;;;;;;;14/08/15 14:02;5.61 ms;172.16.38.1;true;
;;;;;;;;;;14/08/15 13:02;3.44 ms;172.16.38.1;true;
;;;;;;;;;;14/08/15 13:02;3.21 ms;172.16.52.1;true;
;;;;;;;;;;14/08/15 12:02;16.03 ms;201.74.84.1;true;
;;;;;;;;;;14/08/15 12:02;3.22 ms;172.16.52.1;true;
;;;;;;;;;;14/08/15 10:02;3.2 ms;172.16.38.1;true;
;;;;;;;;;;14/08/15 09:02;3.09 ms;172.16.52.1;true;
;;;;;;;;;;14/08/15 08:02;11.32 ms;172.16.52.1;true;
;;;;;;;;;;14/08/15 07:02;3.22 ms;172.16.52.1;true;
;;;;;;;;;;14/08/15 06:02;3.32 ms;172.16.52.1;true;
;;;;;;;;;;14/08/15 06:02;0.98 ms;192.168.139.233;true;
;;;;;;;;;;14/08/15 05:02;3.26 ms;172.16.52.1;true;
;;;;;;;;;;14/08/15 04:02;3.29 ms;172.16.52.1;true;
;;;;;;;;;;14/08/15 03:02;3.27 ms;172.16.52.1;true;
;;;;;;;;;;14/08/15 02:02;3.28 ms;172.16.52.1;true;
;;;;;;;;;;14/08/15 01:02;3.29 ms;172.16.52.1;true;
;;;;;;;;;;13/08/15 21:02;3.15 ms;172.16.52.1;true;
;;;;;;;;;;13/08/15 20:02;3.15 ms;172.16.38.1;true;
;;;;;;;;;;13/08/15 20:02;2.99 ms;172.16.52.1;true;
;;;;;;;;;;13/08/15 19:02;7.49 ms;172.16.52.1;true;
;;;;;;;;;;13/08/15 17:02;3.2 ms;172.16.52.1;true;
;;;;;;;;;;13/08/15 16:02;3.28 ms;172.16.52.1;true;
;;;;;;;;;;13/08/15 15:02;3.46 ms;172.16.52.1;true;
;;;;;;;;;;13/08/15 13:02;3.18 ms;172.16.52.1;true;
;;;;;;;;;;13/08/15 12:02;3.12 ms;172.16.52.1;true;
;;;;;;;;;;13/08/15 11:02;3.26 ms;172.16.52.1;true;
;;;;;;;;;;13/08/15 09:02;3.15 ms;172.16.38.1;true;
;;;;;;;;;;13/08/15 09:02;2.76 ms;172.16.52.1;true;
;;;;;;;;;;13/08/15 08:02;18.99 ms;179.190.152.1;true;
;;;;;;;;;;13/08/15 06:02;3.25 ms;172.16.52.1;true;
;;;;;;;;;;13/08/15 05:02;3.15 ms;172.16.52.1;true;
;;;;;;;;;;13/08/15 04:02;3.13 ms;172.16.52.1;true;
;;;;;;;;;;13/08/15 03:02;3.3 ms;172.16.52.1;true;
;;;;;;;;;;13/08/15 01:02;3.27 ms;172.16.52.1;true;
;;;;;;;;;;12/08/15 22:02;3.32 ms;172.16.52.1;true;
;;;;;;;;;;12/08/15 19:02;3.33 ms;172.16.52.1;true;
;;;;;;;;;;12/08/15 18:02;11.23 ms;172.16.52.1;true;
;;;;;;;;;;12/08/15 17:02;2.92 ms;172.16.52.1;true;
;;;;;;;;;;12/08/15 16:02;10.73 ms;172.16.52.1;true;
;;;;;;;;;;12/08/15 15:02;3.14 ms;172.16.52.1;true;
;;;;;;;;;;12/08/15 14:02;3.09 ms;172.16.52.1;true;
;;;;;;;;;;12/08/15 12:02;3.23 ms;172.16.52.1;true;
;;;;;;;;;;12/08/15 11:02;3.17 ms;172.16.52.1;true;
;;;;;;;;;;12/08/15 10:02;3.29 ms;172.16.52.1;true;
;;;;;;;;;;12/08/15 09:02;2.7 ms;172.16.52.1;true;
;;;;;;;;;;12/08/15 08:02;3.21 ms;172.16.52.1;true;
;;;;;;;;;;12/08/15 07:02;3.23 ms;172.16.52.1;true;
;;;;;;;;;;12/08/15 06:02;3.29 ms;172.16.52.1;true;
;;;;;;;;;;12/08/15 05:02;3.32 ms;172.16.52.1;true;
;;;;;;;;;;12/08/15 04:02;3.28 ms;172.16.52.1;true;
;;;;;;;;;;12/08/15 03:02;0.65 ms;192.168.0.1;true;
;;;;;;;;;;12/08/15 03:02;2.53 ms;172.16.52.1;true;
;;;;;;;;;;12/08/15 02:02;3.13 ms;172.16.52.1;true;
;;;;;;;;;;12/08/15 01:02;3.11 ms;172.16.52.1;true;
;;;;;;;;;;12/08/15 00:02;3.13 ms;172.16.52.1;true;
;;;;;;;;;;11/08/15 23:02;3.16 ms;172.16.52.1;true;
;;;;;;;;;;11/08/15 22:02;3.25 ms;172.16.52.1;true;
;;;;;;;;;;11/08/15 21:02;3.21 ms;172.16.52.1;true;
;;;;;;;;;;11/08/15 20:02;3.15 ms;172.16.52.1;true;
;;;;;;;;;;11/08/15 19:02;3.03 ms;172.16.52.1;true;
;;;;;;;;;;11/08/15 17:02;3.19 ms;172.16.52.1;true;
;;;;;;;;;;11/08/15 16:02;3.21 ms;172.16.52.1;true;
;;;;;;;;;;11/08/15 15:02;3.21 ms;172.16.52.1;true;
;;;;;;;;;;11/08/15 14:02;3.23 ms;172.16.52.1;true;
;;;;;;;;;;11/08/15 13:02;11.5 ms;172.16.52.1;true;
;;;;;;;;;;11/08/15 12:02;3.96 ms;172.16.52.1;true;
;;;;;;;;;;11/08/15 11:02;3.22 ms;172.16.52.1;true;
;;;;;;;;;;11/08/15 10:02;3.05 ms;172.16.52.1;true;
;;;;;;;;;;11/08/15 09:02;3.16 ms;172.16.52.1;true;
;;;;;;;;;;11/08/15 07:02;2.76 ms;172.16.52.1;true;
;;;;;;;;;;11/08/15 06:02;3.28 ms;172.16.52.1;true;
;;;;;;;;;;11/08/15 05:02;3.15 ms;172.16.52.1;true;
;;;;;;;;;;11/08/15 04:02;3.29 ms;172.16.52.1;true;
;;;;;;;;;;11/08/15 03:02;3.41 ms;172.16.52.1;true;
;;;;;;;;;;11/08/15 02:02;3.41 ms;172.16.52.1;true;
;;;;;;;;;;11/08/15 01:02;3.01 ms;172.16.52.1;true;
;;;;;;;;;;11/08/15 00:02;3.26 ms;172.16.52.1;true;
;;;;;;;;;;10/08/15 23:02;3.24 ms;172.16.52.1;true;
;;;;;;;;;;10/08/15 22:02;11.36 ms;172.16.52.1;true;
;;;;;;;;;;10/08/15 21:02;3.19 ms;172.16.52.1;true;
;;;;;;;;;;10/08/15 20:02;3.28 ms;172.16.52.1;true;
;;;;;;;;;;10/08/15 19:02;3.22 ms;172.16.52.1;true;
;;;;;;;;;;10/08/15 18:02;0.89 ms;10.20.29.201;true;
;;;;;;;;;;10/08/15 18:02;3.19 ms;172.16.52.1;true;
;;;;;;;;;;10/08/15 17:02;2.77 ms;172.16.52.1;true;
;;;;;;;;;;10/08/15 16:02;18.85 ms;172.16.52.1;true;
;;;;;;;;;;10/08/15 15:02;3.09 ms;172.16.52.1;true;
;;;;;;;;;;10/08/15 14:02;3.29 ms;172.16.52.1;true;
;;;;;;;;;;10/08/15 13:02;19.26 ms;172.16.52.1;true;
;;;;;;;;;;10/08/15 12:02;3.24 ms;172.16.52.1;true;
;;;;;;;;;;10/08/15 11:02;3.2 ms;172.16.52.1;true;
;;;;;;;;;;10/08/15 10:02;3.27 ms;172.16.52.1;true;
;;;;;;;;;;10/08/15 09:02;19.84 ms;172.16.52.1;true;
;;;;;;;;;;10/08/15 08:02;3.05 ms;172.16.52.1;true;
;;;;;;;;;;10/08/15 07:02;303.51 ms;172.16.52.1;true;
;;;;;;;;;;10/08/15 06:02;3.24 ms;172.16.52.1;true;
;;;;;;;;;;10/08/15 05:02;3.28 ms;172.16.52.1;true;
;;;;;;;;;;10/08/15 04:02;3.28 ms;172.16.52.1;true;
;;;;;;;;;;10/08/15 03:02;3.13 ms;172.16.52.1;true;
;;;;;;;;;;10/08/15 02:02;3.35 ms;172.16.52.1;true;
;;;;;;;;;;10/08/15 01:02;3.27 ms;172.16.52.1;true;
;;;;;;;;;;10/08/15 00:02;3.18 ms;172.16.52.1;true;
;;;;;;;;;;09/08/15 23:02;3.25 ms;172.16.52.1;true;
;;;;;;;;;;09/08/15 22:02;3.21 ms;172.16.52.1;true;
;;;;;;;;;;09/08/15 21:02;3.16 ms;172.16.52.1;true;
;;;;;;;;;;09/08/15 20:02;3.07 ms;172.16.52.1;true;
;;;;;;;;;;09/08/15 19:02;3.17 ms;172.16.52.1;true;
;;;;;;;;;;09/08/15 18:02;3.14 ms;172.16.52.1;true;
;;;;;;;;;;09/08/15 17:02;3.04 ms;172.16.52.1;true;
;;;;;;;;;;09/08/15 16:02;3.17 ms;172.16.52.1;true;
;;;;;;;;;;09/08/15 15:02;3.37 ms;172.16.52.1;true;
;;;;;;;;;;09/08/15 14:02;10.27 ms;172.16.52.1;true;
;;;;;;;;;;09/08/15 11:02;3.2 ms;172.16.52.1;true;
;;;;;;;;;;09/08/15 10:02;3.32 ms;172.16.52.1;true;
;;;;;;;;;;09/08/15 09:02;3.24 ms;172.16.52.1;true;
;;;;;;;;;;09/08/15 08:02;3.14 ms;172.16.52.1;true;
;;;;;;;;;;09/08/15 07:02;4.49 ms;172.16.52.1;true;
;;;;;;;;;;09/08/15 06:02;3.29 ms;172.16.52.1;true;
;;;;;;;;;;09/08/15 05:02;3.2 ms;172.16.52.1;true;
;;;;;;;;;;09/08/15 04:02;2.86 ms;172.16.52.1;true;
;;;;;;;;;;09/08/15 03:02;3.3 ms;172.16.52.1;true;
;;;;;;;;;;09/08/15 02:02;3.25 ms;172.16.52.1;true;
;;;;;;;;;;09/08/15 01:02;3.3 ms;172.16.52.1;true;
;;;;;;;;;;09/08/15 00:02;3.19 ms;172.16.52.1;true;
;;;;;;;;;;08/08/15 23:02;3.19 ms;172.16.52.1;true;
;;;;;;;;;;08/08/15 22:02;3.03 ms;172.16.52.1;true;
;;;;;;;;;;08/08/15 21:02;2.64 ms;172.16.52.1;true;
;;;;;;;;;;08/08/15 20:02;3.21 ms;172.16.52.1;true;
;;;;;;;;;;08/08/15 19:02;3.21 ms;172.16.52.1;true;
;;;;;;;;;;08/08/15 18:02;3.2 ms;172.16.52.1;true;
;;;;;;;;;;08/08/15 17:02;3.22 ms;172.16.52.1;true;
;;;;;;;;;;08/08/15 16:02;4.68 ms;172.16.52.1;true;
;;;;;;;;;;08/08/15 15:02;3.05 ms;172.16.52.1;true;
;;;;;;;;;;08/08/15 14:02;3.09 ms;172.16.52.1;true;
;;;;;;;;;;08/08/15 13:02;3.19 ms;172.16.52.1;true;
;;;;;;;;;;08/08/15 12:02;3.32 ms;172.16.52.1;true;
;;;;;;;;;;08/08/15 11:02;3.82 ms;172.16.52.1;true;
;;;;;;;;;;08/08/15 10:02;3.1 ms;172.16.52.1;true;
;;;;;;;;;;08/08/15 09:02;3.06 ms;172.16.52.1;true;
;;;;;;;;;;08/08/15 08:02;11.38 ms;172.16.52.1;true;
;;;;;;;;;;08/08/15 07:02;0.86 ms;192.168.139.233;true;
;;;;;;;;;;08/08/15 07:02;3.29 ms;172.16.52.1;true;
;;;;;;;;;;08/08/15 06:27;0.86 ms;10.100.6.1;true;
;;;;;;;;;;08/08/15 06:02;3.26 ms;172.16.52.1;true;
;;;;;;;;;;08/08/15 05:02;3.27 ms;172.16.52.1;true;
;;;;;;;;;;08/08/15 04:02;3.05 ms;172.16.52.1;true;
;;;;;;;;;;08/08/15 02:02;2.45 ms;172.16.52.1;true;
;;;;;;;;;;08/08/15 01:02;3.15 ms;172.16.52.1;true;
;;;;;;;;;;08/08/15 00:02;3.22 ms;172.16.52.1;true;
;;;;;;;;;;07/08/15 23:02;11.26 ms;172.16.52.1;true;
;;;;;;;;;;07/08/15 22:02;3.32 ms;172.16.52.1;true;
;;;;;;;;;;07/08/15 21:02;3.19 ms;172.16.52.1;true;
;;;;;;;;;;07/08/15 20:02;2.59 ms;172.16.52.1;true;
;;;;;;;;;;07/08/15 19:02;16.37 ms;172.16.52.1;true;
;;;;;;;;;;07/08/15 17:02;3.19 ms;172.16.52.1;true;
;;;;;;;;;;07/08/15 16:02;3.23 ms;172.16.52.1;true;
;;;;;;;;;;07/08/15 14:02;3.23 ms;172.16.52.1;true;
;;;;;;;;;;07/08/15 13:02;3.04 ms;172.16.52.1;true;
;;;;;;;;;;07/08/15 12:02;3.26 ms;172.16.52.1;true;
;;;;;;;;;;07/08/15 11:02;3.17 ms;172.16.52.1;true;
;;;;;;;;;;07/08/15 10:02;3.14 ms;172.16.52.1;true;
;;;;;;;;;;07/08/15 09:02;2.87 ms;172.16.52.1;true;
;;;;;;;;;;07/08/15 08:02;3.29 ms;172.16.52.1;true;
;;;;;;;;;;07/08/15 07:02;3.17 ms;172.16.52.1;true;
;;;;;;;;;;07/08/15 06:02;11.3 ms;172.16.52.1;true;
;;;;;;;;;;07/08/15 05:02;3.25 ms;172.16.52.1;true;
;;;;;;;;;;07/08/15 04:02;3.32 ms;172.16.52.1;true;
;;;;;;;;;;07/08/15 03:02;3.31 ms;172.16.52.1;true;
;;;;;;;;;;07/08/15 02:02;3.23 ms;172.16.52.1;true;
;;;;;;;;;;07/08/15 01:02;3.1 ms;172.16.52.1;true;
;;;;;;;;;;07/08/15 00:02;2.68 ms;172.16.52.1;true;
;;;;;;;;;;06/08/15 23:02;3.09 ms;172.16.52.1;true;
;;;;;;;;;;06/08/15 22:02;2.67 ms;172.16.52.1;true;
;;;;;;;;;;06/08/15 21:02;3.0 ms;172.16.52.1;true;
;;;;;;;;;;06/08/15 20:02;11.48 ms;172.16.52.1;true;
;;;;;;;;;;06/08/15 19:02;3.06 ms;172.16.52.1;true;
;;;;;;;;;;06/08/15 17:02;11.25 ms;172.16.52.1;true;
;;;;;;;;;;06/08/15 16:02;3.03 ms;172.16.52.1;true;
;;;;;;;;;;06/08/15 15:02;3.07 ms;172.16.52.1;true;
;;;;;;;;;;06/08/15 14:02;3.22 ms;172.16.52.1;true;
;;;;;;;;;;06/08/15 13:02;3.18 ms;172.16.52.1;true;
;;;;;;;;;;06/08/15 12:02;3.16 ms;172.16.52.1;true;
;;;;;;;;;;06/08/15 11:02;2.85 ms;172.16.52.1;true;
;;;;;;;;;;06/08/15 10:02;3.21 ms;172.16.52.1;true;
;;;;;;;;;;06/08/15 09:02;3.07 ms;172.16.52.1;true;
;;;;;;;;;;06/08/15 08:02;3.18 ms;172.16.52.1;true;
;;;;;;;;;;06/08/15 07:02;7.1 ms;189.4.12.1;true;
;;;;;;;;;;06/08/15 07:02;3.19 ms;172.16.52.1;true;
;;;;;;;;;;06/08/15 06:02;3.13 ms;172.16.52.1;true;
;;;;;;;;;;06/08/15 05:02;3.39 ms;172.16.52.1;true;
;;;;;;;;;;06/08/15 04:02;3.28 ms;172.16.52.1;true;
;;;;;;;;;;06/08/15 03:02;3.27 ms;172.16.52.1;true;
;;;;;;;;;;06/08/15 02:02;3.14 ms;172.16.52.1;true;
;;;;;;;;;;06/08/15 01:02;3.04 ms;172.16.52.1;true;
;;;;;;;;;;06/08/15 00:02;3.17 ms;172.16.52.1;true;
;;;;;;;;;;05/08/15 23:02;3.32 ms;172.16.52.1;true;
;;;;;;;;;;05/08/15 21:02;6.35 ms;189.4.12.1;true;
;;;;;;;;;;05/08/15 21:02;11.06 ms;172.16.52.1;true;
;;;;;;;;;;05/08/15 20:02;3.38 ms;172.16.52.1;true;
;;;;;;;;;;05/08/15 19:02;2.63 ms;172.16.52.1;true;
;;;;;;;;;;05/08/15 18:02;3.15 ms;172.16.52.1;true;
;;;;;;;;;;05/08/15 17:02;3.06 ms;172.16.52.1;true;
;;;;;;;;;;05/08/15 16:02;4.43 ms;172.16.52.1;true;
;;;;;;;;;;05/08/15 15:02;11.41 ms;172.16.52.1;true;
;;;;;;;;;;05/08/15 14:02;3.16 ms;172.16.52.1;true;
;;;;;;;;;;05/08/15 13:02;3.16 ms;172.16.52.1;true;
;;;;;;;;;;05/08/15 12:02;3.19 ms;172.16.52.1;true;
;;;;;;;;;;05/08/15 11:02;3.24 ms;172.16.52.1;true;
;;;;;;;;;;05/08/15 10:02;3.02 ms;172.16.52.1;true;
;;;;;;;;;;05/08/15 09:02;14.42 ms;172.16.52.1;true;
;;;;;;;;;;05/08/15 08:02;3.2 ms;172.16.52.1;true;
;;;;;;;;;;05/08/15 07:02;11.4 ms;172.16.52.1;true;
;;;;;;;;;;05/08/15 06:02;3.22 ms;172.16.52.1;true;
;;;;;;;;;;05/08/15 05:02;3.3 ms;172.16.52.1;true;
;;;;;;;;;;05/08/15 04:02;3.25 ms;172.16.52.1;true;
;;;;;;;;;;05/08/15 03:02;3.13 ms;172.16.52.1;true;
;;;;;;;;;;05/08/15 01:02;3.06 ms;172.16.52.1;true;
;;;;;;;;;;05/08/15 00:02;2.71 ms;172.16.52.1;true;
;;;;;;;;;;04/08/15 23:02;3.25 ms;172.16.52.1;true;
;;;;;;;;;;04/08/15 22:02;3.2 ms;172.16.52.1;true;
;;;;;;;;;;04/08/15 21:02;3.21 ms;172.16.52.1;true;
;;;;;;;;;;04/08/15 20:02;3.1 ms;172.16.52.1;true;
;;;;;;;;;;04/08/15 19:02;2.63 ms;172.16.52.1;true;
;;;;;;;;;;04/08/15 18:02;2.97 ms;172.16.38.1;true;
;;;;;;;;;;04/08/15 18:02;11.28 ms;172.16.52.1;true;
;;;;;;;;;;04/08/15 17:02;16.42 ms;172.16.52.1;true;
;;;;;;;;;;04/08/15 16:02;2.79 ms;172.16.52.1;true;
;;;;;;;;;;04/08/15 15:02;4.23 ms;172.16.52.1;true;
;;;;;;;;;;04/08/15 14:02;3.23 ms;172.16.52.1;true;
;;;;;;;;;;04/08/15 13:02;3.27 ms;172.16.52.1;true;
;;;;;;;;;;04/08/15 12:02;3.21 ms;172.16.52.1;true;
;;;;;;;;;;04/08/15 11:02;3.22 ms;172.16.52.1;true;
;;;;;;;;;;04/08/15 10:02;3.22 ms;172.16.52.1;true;
;;;;;;;;;;04/08/15 09:02;3.11 ms;172.16.52.1;true;
;;;;;;;;;;04/08/15 08:02;3.22 ms;172.16.52.1;true;
;;;;;;;;;;04/08/15 07:02;2.93 ms;172.16.52.1;true;
;;;;;;;;;;04/08/15 06:02;3.62 ms;172.16.38.1;true;
;;;;;;;;;;04/08/15 06:02;11.14 ms;172.16.52.1;true;
;;;;;;;;;;04/08/15 05:02;3.29 ms;172.16.52.1;true;
;;;;;;;;;;04/08/15 04:02;2.68 ms;172.16.38.1;true;
;;;;;;;;;;04/08/15 04:02;3.27 ms;172.16.52.1;true;
;;;;;;;;;;04/08/15 03:02;3.29 ms;172.16.52.1;true;
;;;;;;;;;;04/08/15 03:02;2.99 ms;172.16.38.1;true;
;;;;;;;;;;04/08/15 02:02;2.67 ms;172.16.52.1;true;
;;;;;;;;;;04/08/15 01:03;3.21 ms;172.16.52.1;true;
;;;;;;;;;;03/08/15 23:02;3.04 ms;172.16.52.1;true;
;;;;;;;;;;03/08/15 22:02;3.63 ms;172.16.52.1;true;
;;;;;;;;;;03/08/15 21:02;3.1 ms;172.16.52.1;true;
;;;;;;;;;;03/08/15 20:02;3.05 ms;172.16.52.1;true;
;;;;;;;;;;03/08/15 19:02;11.25 ms;172.16.52.1;true;
;;;;;;;;;;03/08/15 18:02;3.21 ms;172.16.52.1;true;
;;;;;;;;;;03/08/15 17:02;3.2 ms;172.16.52.1;true;
;;;;;;;;;;03/08/15 16:02;13.43 ms;172.16.52.1;true;
;;;;;;;;;;03/08/15 15:02;3.19 ms;172.16.52.1;true;
;;;;;;;;;;03/08/15 14:02;0.68 ms;192.168.1.1;true;
;;;;;;;;;;03/08/15 14:02;3.04 ms;172.16.52.1;true;
;;;;;;;;;;03/08/15 11:02;3.22 ms;172.16.52.1;true;
;;;;;;;;;;03/08/15 10:02;3.35 ms;172.16.52.1;true;
;;;;;;;;;;03/08/15 09:02;3.1 ms;172.16.52.1;true;
;;;;;;;;;;03/08/15 08:02;0.72 ms;192.168.1.1;true;
;;;;;;;;;;03/08/15 08:02;3.27 ms;172.16.52.1;true;
;;;;;;;;;;03/08/15 07:02;3.13 ms;172.16.52.1;true;
;;;;;;;;;;03/08/15 06:02;3.19 ms;172.16.52.1;true;
;;;;;;;;;;03/08/15 05:02;3.13 ms;172.16.52.1;true;
;;;;;;;;;;03/08/15 04:02;3.31 ms;172.16.52.1;true;
;;;;;;;;;;03/08/15 03:02;3.18 ms;172.16.52.1;true;
;;;;;;;;;;03/08/15 01:02;3.18 ms;172.16.52.1;true;
;;;;;;;;;;03/08/15 00:02;3.29 ms;172.16.52.1;true;
;;;;;;;;;;02/08/15 23:02;3.27 ms;172.16.52.1;true;
;;;;;;;;;;02/08/15 22:02;3.25 ms;172.16.52.1;true;
;;;;;;;;;;02/08/15 21:02;3.17 ms;172.16.52.1;true;
;;;;;;;;;;02/08/15 20:02;3.11 ms;172.16.52.1;true;
;;;;;;;;;;02/08/15 19:02;3.15 ms;172.16.52.1;true;
;;;;;;;;;;02/08/15 18:02;3.04 ms;172.16.52.1;true;
;;;;;;;;;;02/08/15 17:02;3.26 ms;172.16.52.1;true;
;;;;;;;;;;02/08/15 16:02;3.43 ms;172.16.52.1;true;
;;;;;;;;;;02/08/15 15:02;3.23 ms;172.16.52.1;true;
;;;;;;;;;;02/08/15 14:02;3.24 ms;172.16.52.1;true;
;;;;;;;;;;02/08/15 13:02;3.08 ms;172.16.52.1;true;
;;;;;;;;;;02/08/15 12:02;12.72 ms;179.219.240.1;true;
;;;;;;;;;;02/08/15 12:02;3.23 ms;172.16.52.1;true;
;;;;;;;;;;02/08/15 11:02;3.28 ms;172.16.52.1;true;
;;;;;;;;;;02/08/15 10:02;3.27 ms;172.16.52.1;true;
;;;;;;;;;;02/08/15 09:02;3.18 ms;172.16.52.1;true;
;;;;;;;;;;02/08/15 08:02;3.3 ms;172.16.52.1;true;
;;;;;;;;;;02/08/15 07:02;11.27 ms;172.16.52.1;true;
;;;;;;;;;;02/08/15 06:02;3.29 ms;172.16.52.1;true;
;;;;;;;;;;02/08/15 05:02;2.79 ms;172.16.52.1;true;
;;;;;;;;;;02/08/15 04:02;3.4 ms;172.16.52.1;true;
;;;;;;;;;;02/08/15 03:02;3.3 ms;172.16.52.1;true;
;;;;;;;;;;02/08/15 02:02;3.32 ms;172.16.52.1;true;
;;;;;;;;;;02/08/15 01:02;2.58 ms;177.131.112.138;true;
;;;;;;;;;;02/08/15 01:02;3.17 ms;172.16.52.1;true;
;;;;;;;;;;02/08/15 00:02;2.26 ms;177.131.112.138;true;
;;;;;;;;;;02/08/15 00:02;3.08 ms;172.16.52.1;true;
;;;;;;;;;;01/08/15 22:02;3.11 ms;172.16.52.1;true;
;;;;;;;;;;01/08/15 21:02;3.08 ms;172.16.52.1;true;
;;;;;;;;;;01/08/15 20:02;3.05 ms;172.16.52.1;true;
;;;;;;;;;;01/08/15 19:02;3.23 ms;172.16.52.1;true;
;;;;;;;;;;01/08/15 18:27;1.3 ms;172.16.128.1;true;
;;;;;;;;;;01/08/15 18:02;3.17 ms;172.16.52.1;true;
;;;;;;;;;;01/08/15 17:02;3.06 ms;172.16.52.1;true;
;;;;;;;;;;01/08/15 16:02;11.42 ms;172.16.52.1;true;
;;;;;;;;;;01/08/15 15:02;4.03 ms;172.16.52.1;true;
;;;;;;;;;;01/08/15 14:02;3.12 ms;172.16.52.1;true;
;;;;;;;;;;01/08/15 13:02;11.07 ms;172.16.52.1;true;
;;;;;;;;;;01/08/15 12:02;3.25 ms;172.16.52.1;true;
;;;;;;;;;;01/08/15 11:02;3.09 ms;172.16.52.1;true;
;;;;;;;;;;01/08/15 10:02;3.25 ms;172.16.52.1;true;
;;;;;;;;;;01/08/15 09:02;3.22 ms;172.16.52.1;true;
;;;;;;;;;;01/08/15 07:02;3.19 ms;172.16.52.1;true;
;;;;;;;;;;01/08/15 06:02;3.16 ms;172.16.52.1;true;
;;;;;;;;;;01/08/15 04:02;4.27 ms;172.16.52.1;true;
;;;;;;;;;;01/08/15 03:02;3.29 ms;172.16.52.1;true;
;;;;;;;;;;01/08/15 02:02;2.59 ms;172.16.52.1;true;
;;;;;;;;;;01/08/15 01:02;11.22 ms;172.16.52.1;true;
;;;;;;;;;;01/08/15 00:02;3.32 ms;172.16.52.1;true;
;;;;;;;;;;31/07/15 23:02;3.2 ms;172.16.52.1;true;
;;;;;;;;;;31/07/15 22:02;3.19 ms;172.16.52.1;true;
;;;;;;;;;;31/07/15 21:02;29.65 ms;179.219.240.1;true;
;;;;;;;;;;31/07/15 21:02;11.28 ms;172.16.52.1;true;
;;;;;;;;;;31/07/15 20:02;3.2 ms;172.16.52.1;true;
;;;;;;;;;;31/07/15 19:02;3.14 ms;172.16.52.1;true;
;;;;;;;;;;31/07/15 18:02;2.53 ms;172.16.52.1;true;
;;;;;;;;;;31/07/15 17:02;3.3 ms;172.16.52.1;true;
;;;;;;;;;;31/07/15 16:02;4.51 ms;172.16.52.1;true;
;;;;;;;;;;31/07/15 15:02;3.26 ms;172.16.52.1;true;
;;;;;;;;;;31/07/15 14:02;17.21 ms;172.16.52.1;true;
;;;;;;;;;;31/07/15 13:02;3.06 ms;172.16.52.1;true;
;;;;;;;;;;31/07/15 12:02;14.01 ms;172.16.52.1;true;
;;;;;;;;;;31/07/15 11:02;2.57 ms;172.16.52.1;true;
;;;;;;;;;;31/07/15 10:02;19.6 ms;172.16.52.1;true;
;;;;;;;;;;31/07/15 09:02;3.12 ms;172.16.52.1;true;
;;;;;;;;;;31/07/15 08:02;3.29 ms;172.16.52.1;true;
;;;;;;;;;;31/07/15 07:02;4.24 ms;172.16.52.1;true;
;;;;;;;;;;31/07/15 06:02;4.79 ms;172.16.52.1;true;
;;;;;;;;;;31/07/15 05:02;3.17 ms;172.16.52.1;true;
;;;;;;;;;;31/07/15 04:02;3.19 ms;172.16.52.1;true;
;;;;;;;;;;31/07/15 03:02;3.31 ms;172.16.52.1;true;
;;;;;;;;;;31/07/15 02:02;7.47 ms;172.16.52.1;true;
;;;;;;;;;;31/07/15 01:02;0.87 ms;192.168.0.1;true;
;;;;;;;;;;31/07/15 01:02;3.18 ms;172.16.52.1;true;
;;;;;;;;;;31/07/15 00:02;3.24 ms;172.16.52.1;true;
;;;;;;;;;;30/07/15 20:02;3.07 ms;172.16.52.1;true;
;;;;;;;;;;30/07/15 19:02;3.04 ms;172.16.52.1;true;
;;;;;;;;;;30/07/15 18:02;3.11 ms;172.16.52.1;true;
;;;;;;;;;;30/07/15 17:02;11.3 ms;172.16.52.1;true;
;;;;;;;;;;30/07/15 16:02;3.22 ms;172.16.52.1;true;
;;;;;;;;;;30/07/15 15:02;3.19 ms;172.16.52.1;true;
;;;;;;;;;;30/07/15 14:02;3.21 ms;172.16.52.1;true;
;;;;;;;;;;30/07/15 13:02;2.93 ms;172.16.52.1;true;
;;;;;;;;;;30/07/15 12:02;3.08 ms;172.16.52.1;true;
;;;;;;;;;;30/07/15 11:02;3.23 ms;172.16.52.1;true;
;;;;;;;;;;30/07/15 10:02;11.35 ms;172.16.52.1;true;
;;;;;;;;;;30/07/15 09:02;3.28 ms;172.16.52.1;true;
;;;;;;;;;;30/07/15 08:02;2.44 ms;172.16.52.1;true;
;;;;;;;;;;30/07/15 07:02;3.27 ms;172.16.52.1;true;
;;;;;;;;;;30/07/15 06:02;3.14 ms;172.16.52.1;true;
;;;;;;;;;;30/07/15 05:02;3.04 ms;172.16.52.1;true;
;;;;;;;;;;30/07/15 04:02;3.23 ms;172.16.52.1;true;
;;;;;;;;;;30/07/15 03:02;3.31 ms;172.16.52.1;true;
;;;;;;;;;;30/07/15 02:02;3.3 ms;172.16.52.1;true;
;;;;;;;;;;30/07/15 01:02;3.44 ms;172.16.52.1;true;
;;;;;;;;;;30/07/15 00:02;3.23 ms;172.16.52.1;true;
;;;;;;;;;;29/07/15 23:02;2.56 ms;172.16.52.1;true;
;;;;;;;;;;29/07/15 22:02;3.27 ms;172.16.52.1;true;
;;;;;;;;;;29/07/15 21:02;3.2 ms;172.16.52.1;true;
;;;;;;;;;;29/07/15 20:02;4.53 ms;172.16.52.1;true;
;;;;;;;;;;29/07/15 19:02;3.22 ms;172.16.52.1;true;
;;;;;;;;;;29/07/15 18:02;3.26 ms;172.16.52.1;true;
;;;;;;;;;;29/07/15 17:02;3.35 ms;172.16.52.1;true;
;;;;;;;;;;29/07/15 16:02;3.12 ms;172.16.52.1;true;
;;;;;;;;;;29/07/15 15:02;3.21 ms;172.16.52.1;true;
;;;;;;;;;;29/07/15 14:02;3.18 ms;172.16.52.1;true;
;;;;;;;;;;29/07/15 13:02;3.26 ms;172.16.52.1;true;
;;;;;;;;;;29/07/15 12:02;3.23 ms;172.16.52.1;true;
;;;;;;;;;;29/07/15 11:02;3.2 ms;172.16.52.1;true;
;;;;;;;;;;29/07/15 10:02;3.23 ms;172.16.52.1;true;
;;;;;;;;;;29/07/15 09:02;3.38 ms;172.16.52.1;true;
;;;;;;;;;;29/07/15 07:02;11.52 ms;172.16.52.1;true;
;;;;;;;;;;29/07/15 06:02;3.08 ms;172.16.52.1;true;
;;;;;;;;;;29/07/15 05:02;3.31 ms;172.16.52.1;true;
;;;;;;;;;;29/07/15 03:02;0.47 ms;192.168.1.3;true;
;;;;;;;;;;29/07/15 03:02;3.16 ms;172.16.52.1;true;
;;;;;;;;;;29/07/15 02:02;3.19 ms;172.16.52.1;true;
;;;;;;;;;;29/07/15 01:02;3.29 ms;172.16.52.1;true;
;;;;;;;;;;29/07/15 00:02;3.25 ms;172.16.52.1;true;
;;;;;;;;;;28/07/15 23:02;1.19 ms;192.168.135.161;true;
;;;;;;;;;;28/07/15 23:02;3.13 ms;172.16.52.1;true;
;;;;;;;;;;28/07/15 22:02;3.13 ms;172.16.52.1;true;
;;;;;;;;;;28/07/15 21:02;12.08 ms;172.16.52.1;true;
;;;;;;;;;;28/07/15 20:02;3.32 ms;172.16.52.1;true;
;;;;;;;;;;28/07/15 19:02;11.38 ms;172.16.52.1;true;
;;;;;;;;;;28/07/15 18:02;3.26 ms;172.16.52.1;true;
;;;;;;;;;;28/07/15 17:02;3.21 ms;172.16.52.1;true;
;;;;;;;;;;28/07/15 16:02;3.08 ms;172.16.52.1;true;
;;;;;;;;;;28/07/15 15:02;3.04 ms;172.16.52.1;true;
