dataMain;tcpDownload;tcpUpload;jitterDownload;jitterUpload;udpDownload;udpUpload;perdaPacotes;latencia;servidor;dataPing;ping;destination;isGw
01/08/15 20:13;18.7 Mbit/s;8.29 Mbit/s;< 1 ms;< 1 ms;20.26 Mbit/s;8.89 Mbit/s;0.0 %;2.46 ms;PTT Metro de Sao Paulo - Nodo 3;;;;;
01/08/15 19:13;16.69 Mbit/s;9.17 Mbit/s;< 1 ms;< 1 ms;18.26 Mbit/s;9.86 Mbit/s;0.0 %;2.75 ms;PTT Metro de Sao Paulo - Nodo 3 - PIX ALOG Tambore;;;;;
01/08/15 18:13;15.42 Mbit/s;9.64 Mbit/s;< 1 ms;< 1 ms;16.87 Mbit/s;10.32 Mbit/s;0.0 %;2.37 ms;PTT Metro de Sao Paulo - Nodo 3;;;;;
01/08/15 17:13;11.39 Mbit/s;9.25 Mbit/s;< 1 ms;< 1 ms;12.18 Mbit/s;9.95 Mbit/s;0.0 %;2.74 ms;PTT Metro de Sao Paulo - Nodo 2 - PIX ALOG Tambore;;;;;
01/08/15 16:13;17.91 Mbit/s;8.49 Mbit/s;< 1 ms;< 1 ms;19.49 Mbit/s;9.09 Mbit/s;0.0 %;2.46 ms;PTT Metro de Sao Paulo - Nodo 3;;;;;
01/08/15 15:13;13.7 Mbit/s;5.48 Mbit/s;< 1 ms;< 1 ms;15.02 Mbit/s;5.86 Mbit/s;1.35 %;2.39 ms;PTT Metro de Sao Paulo - Nodo 2;;;;;
01/08/15 14:13;15.78 Mbit/s;9.0 Mbit/s;< 1 ms;< 1 ms;16.67 Mbit/s;9.62 Mbit/s;0.0 %;2.64 ms;PTT Metro de Sao Paulo - Nodo 1;;;;;
01/08/15 13:13;15.56 Mbit/s;10.34 Mbit/s;< 1 ms;< 1 ms;16.94 Mbit/s;11.04 Mbit/s;0.0 %;2.28 ms;PTT Metro de Sao Paulo - Nodo 4;;;;;
01/08/15 12:13;14.07 Mbit/s;8.6 Mbit/s;< 1 ms;< 1 ms;15.39 Mbit/s;9.19 Mbit/s;0.0 %;2.33 ms;PTT Metro de Sao Paulo - Nodo 3;;;;;
01/08/15 11:13;14.06 Mbit/s;6.51 Mbit/s;< 1 ms;< 1 ms;15.49 Mbit/s;6.69 Mbit/s;0.0 %;2.26 ms;PTT Metro de Sao Paulo - Nodo 2;;;;;
01/08/15 09:13;21.08 Mbit/s;7.34 Mbit/s;< 1 ms;1.85 ms;23.04 Mbit/s;7.21 Mbit/s;0.0 %;2.28 ms;PTT Metro de Sao Paulo - Nodo 4;;;;;
01/08/15 08:13;20.21 Mbit/s;7.41 Mbit/s;< 1 ms;< 1 ms;22.21 Mbit/s;7.94 Mbit/s;0.0 %;2.41 ms;PTT Metro de Sao Paulo - Nodo 3;;;;;
01/08/15 07:13;18.6 Mbit/s;7.52 Mbit/s;< 1 ms;< 1 ms;20.28 Mbit/s;8.04 Mbit/s;0.0 %;2.84 ms;PTT Metro de Sao Paulo - PIX ALOG Tambore;;;;;
01/08/15 05:13;18.29 Mbit/s;7.91 Mbit/s;< 1 ms;< 1 ms;20.06 Mbit/s;8.44 Mbit/s;0.0 %;2.37 ms;PTT Metro de Sao Paulo - Nodo 4;;;;;
01/08/15 02:13;17.09 Mbit/s;7.49 Mbit/s;< 1 ms;< 1 ms;18.68 Mbit/s;8.02 Mbit/s;0.0 %;2.46 ms;PTT Metro de Sao Paulo - Nodo 1;;;;;
01/08/15 01:13;19.42 Mbit/s;7.61 Mbit/s;< 1 ms;< 1 ms;21.22 Mbit/s;8.13 Mbit/s;0.0 %;2.23 ms;PTT Metro de Sao Paulo - Nodo 4;;;;;
01/08/15 00:13;16.63 Mbit/s;7.75 Mbit/s;< 1 ms;< 1 ms;18.26 Mbit/s;8.27 Mbit/s;0.0 %;2.43 ms;PTT Metro de Sao Paulo - Nodo 1;;;;;
31/07/15 23:13;18.33 Mbit/s;7.46 Mbit/s;< 1 ms;< 1 ms;20.15 Mbit/s;7.97 Mbit/s;0.0 %;2.36 ms;PTT Metro de Sao Paulo - Nodo 4;;;;;
31/07/15 21:13;14.66 Mbit/s;7.44 Mbit/s;< 1 ms;< 1 ms;15.87 Mbit/s;7.9 Mbit/s;0.0 %;2.32 ms;PTT Metro de Sao Paulo - Nodo 3;;;;;
31/07/15 17:13;13.5 Mbit/s;8.33 Mbit/s;< 1 ms;< 1 ms;14.73 Mbit/s;8.75 Mbit/s;0.67 %;2.85 ms;PTT Metro de Sao Paulo - Nodo 3 - PIX ALOG Tambore;;;;;
31/07/15 16:13;14.65 Mbit/s;10.68 Mbit/s;< 1 ms;< 1 ms;16.07 Mbit/s;11.44 Mbit/s;0.0 %;2.3 ms;PTT Metro de Sao Paulo - Nodo 2;;;;;
31/07/15 15:38;90.91 Mbit/s;95.18 Mbit/s;< 1 ms;< 1 ms;91.15 Mbit/s;93.51 Mbit/s;0.0 %;6.24 ms;PTT Metro de Vitoria;;;;;
31/07/15 12:13;17.22 Mbit/s;9.68 Mbit/s;< 1 ms;< 1 ms;18.84 Mbit/s;10.24 Mbit/s;0.0 %;2.23 ms;PTT Metro de Sao Paulo - Nodo 2;;;;;
31/07/15 11:13;18.84 Mbit/s;9.39 Mbit/s;< 1 ms;< 1 ms;20.67 Mbit/s;10.09 Mbit/s;0.0 %;2.75 ms;PTT Metro de Sao Paulo - Nodo 4;;;;;
31/07/15 10:13;14.87 Mbit/s;7.97 Mbit/s;< 1 ms;4.58 ms;15.96 Mbit/s;8.48 Mbit/s;0.0 %;2.31 ms;PTT Metro de Sao Paulo - Nodo 1;;;;;
31/07/15 09:13;15.75 Mbit/s;7.47 Mbit/s;< 1 ms;< 1 ms;17.28 Mbit/s;7.98 Mbit/s;0.0 %;2.28 ms;PTT Metro de Sao Paulo - Nodo 3;;;;;
31/07/15 08:13;15.34 Mbit/s;7.24 Mbit/s;< 1 ms;< 1 ms;16.9 Mbit/s;7.72 Mbit/s;0.0 %;2.22 ms;PTT Metro de Sao Paulo - Nodo 2;;;;;
31/07/15 07:13;15.46 Mbit/s;6.61 Mbit/s;< 1 ms;< 1 ms;16.83 Mbit/s;7.03 Mbit/s;0.0 %;2.34 ms;PTT Metro de Sao Paulo - Nodo 4;;;;;
31/07/15 06:13;17.12 Mbit/s;7.19 Mbit/s;< 1 ms;< 1 ms;18.85 Mbit/s;7.67 Mbit/s;0.0 %;2.38 ms;PTT Metro de Sao Paulo - Nodo 1;;;;;
31/07/15 05:13;16.79 Mbit/s;7.65 Mbit/s;< 1 ms;< 1 ms;18.51 Mbit/s;8.16 Mbit/s;0.0 %;2.2 ms;PTT Metro de Sao Paulo - Nodo 3;;;;;
31/07/15 03:13;17.61 Mbit/s;7.77 Mbit/s;< 1 ms;< 1 ms;19.37 Mbit/s;8.3 Mbit/s;0.0 %;2.33 ms;PTT Metro de Sao Paulo - Nodo 4;;;;;
31/07/15 02:15;97.33 Mbit/s;10.73 Mbit/s;< 1 ms;< 1 ms;94.39 Mbit/s;10.37 Mbit/s;0.0 %;5.98 ms;PTT Metro de Sao Paulo - Nodo 3 - PIX ALOG Tambore;;;;;
31/07/15 02:13;20.22 Mbit/s;7.71 Mbit/s;< 1 ms;< 1 ms;22.22 Mbit/s;8.23 Mbit/s;0.0 %;2.35 ms;PTT Metro de Sao Paulo - Nodo 1;;;;;
31/07/15 01:13;17.12 Mbit/s;7.23 Mbit/s;< 1 ms;< 1 ms;18.52 Mbit/s;7.73 Mbit/s;0.0 %;2.24 ms;PTT Metro de Sao Paulo - Nodo 3;;;;;
31/07/15 00:13;16.13 Mbit/s;7.25 Mbit/s;< 1 ms;< 1 ms;17.55 Mbit/s;7.74 Mbit/s;0.0 %;2.2 ms;PTT Metro de Sao Paulo - Nodo 1;;;;;
30/07/15 23:13;19.15 Mbit/s;8.87 Mbit/s;< 1 ms;< 1 ms;21.1 Mbit/s;9.47 Mbit/s;0.0 %;2.37 ms;PTT Metro de Sao Paulo - Nodo 2;;;;;
30/07/15 22:13;14.07 Mbit/s;6.99 Mbit/s;< 1 ms;< 1 ms;15.08 Mbit/s;7.3 Mbit/s;0.0 %;2.82 ms;PTT Metro de Sao Paulo - PIX ALOG Tambore;;;;;
30/07/15 20:13;15.95 Mbit/s;7.24 Mbit/s;< 1 ms;< 1 ms;17.47 Mbit/s;7.72 Mbit/s;0.0 %;2.25 ms;PTT Metro de Sao Paulo - Nodo 4;;;;;
30/07/15 19:14;14.36 Mbit/s;6.98 Mbit/s;< 1 ms;< 1 ms;15.57 Mbit/s;7.12 Mbit/s;0.67 %;2.15 ms;PTT Metro de Sao Paulo - Nodo 3;;;;;
30/07/15 17:15;97.34 Mbit/s;10.8 Mbit/s;< 1 ms;< 1 ms;94.24 Mbit/s;10.71 Mbit/s;0.0 %;6.16 ms;PTT Metro de Sao Paulo - PIX ALOG Tambore;;;;;
30/07/15 16:13;13.46 Mbit/s;9.46 Mbit/s;< 1 ms;< 1 ms;14.76 Mbit/s;10.07 Mbit/s;0.0 %;2.32 ms;PTT Metro de Sao Paulo - Nodo 4;;;;;
30/07/15 15:13;6.93 Mbit/s;3.38 Mbit/s;1.75 ms;4.55 ms;7.53 Mbit/s;3.36 Mbit/s;0.0 %;38.73 ms;PTT Metro de Sao Paulo - Nodo 2 - PIX ALOG Tambore;;;;;
30/07/15 14:13;11.08 Mbit/s;7.34 Mbit/s;< 1 ms;< 1 ms;12.1 Mbit/s;7.83 Mbit/s;0.0 %;2.37 ms;PTT Metro de Sao Paulo - Nodo 2;;;;;
30/07/15 13:13;13.62 Mbit/s;6.86 Mbit/s;< 1 ms;< 1 ms;14.93 Mbit/s;7.15 Mbit/s;0.0 %;2.86 ms;PTT Metro de Sao Paulo - Nodo 3 - PIX ALOG Tambore;;;;;
30/07/15 12:13;10.43 Mbit/s;7.59 Mbit/s;< 1 ms;< 1 ms;11.47 Mbit/s;8.15 Mbit/s;0.0 %;2.43 ms;PTT Metro de Sao Paulo - Nodo 4;;;;;
30/07/15 11:13;14.41 Mbit/s;7.02 Mbit/s;< 1 ms;< 1 ms;15.79 Mbit/s;7.49 Mbit/s;0.0 %;2.33 ms;PTT Metro de Sao Paulo - Nodo 3;;;;;
30/07/15 10:13;6.76 Mbit/s;4.56 Mbit/s;4.8 ms;6.68 ms;7.35 Mbit/s;4.69 Mbit/s;2.05 %;5.99 ms;PTT Metro de Sao Paulo - Nodo 3 - PIX ALOG Tambore;;;;;
30/07/15 09:39;553.93 kbit/s;300.76 kbit/s;5.03 ms;45.85 ms;605.67 kbit/s;195.09 kbit/s;5.76 %;191.24 ms;PTT Metro de Sao Paulo - Nodo 3 - PIX ALOG Tambore;;;;;
30/07/15 09:13;15.21 Mbit/s;6.75 Mbit/s;2.67 ms;17.94 ms;16.73 Mbit/s;7.21 Mbit/s;0.0 %;2.33 ms;PTT Metro de Sao Paulo - Nodo 1;;;;;
30/07/15 07:14;16.34 Mbit/s;6.39 Mbit/s;< 1 ms;< 1 ms;17.75 Mbit/s;6.83 Mbit/s;0.0 %;2.42 ms;PTT Metro de Sao Paulo - Nodo 3;;;;;
30/07/15 06:13;16.72 Mbit/s;7.75 Mbit/s;< 1 ms;< 1 ms;18.28 Mbit/s;8.28 Mbit/s;0.0 %;2.21 ms;PTT Metro de Sao Paulo - Nodo 4;;;;;
30/07/15 05:13;13.18 Mbit/s;7.39 Mbit/s;< 1 ms;1.9 ms;14.51 Mbit/s;7.88 Mbit/s;0.0 %;2.25 ms;PTT Metro de Sao Paulo - Nodo 4;;;;;
30/07/15 04:13;15.14 Mbit/s;7.64 Mbit/s;< 1 ms;< 1 ms;16.7 Mbit/s;8.15 Mbit/s;0.0 %;2.24 ms;PTT Metro de Sao Paulo - Nodo 3;;;;;
30/07/15 03:13;12.55 Mbit/s;7.07 Mbit/s;< 1 ms;< 1 ms;13.84 Mbit/s;7.54 Mbit/s;0.0 %;2.18 ms;PTT Metro de Sao Paulo - Nodo 2;;;;;
30/07/15 02:13;15.87 Mbit/s;7.3 Mbit/s;< 1 ms;< 1 ms;17.38 Mbit/s;7.79 Mbit/s;0.0 %;2.22 ms;PTT Metro de Sao Paulo - Nodo 1;;;;;
30/07/15 01:13;15.86 Mbit/s;6.98 Mbit/s;< 1 ms;< 1 ms;17.48 Mbit/s;7.45 Mbit/s;0.0 %;2.22 ms;PTT Metro de Sao Paulo - Nodo 4;;;;;
30/07/15 00:13;17.17 Mbit/s;7.06 Mbit/s;3.62 ms;< 1 ms;18.87 Mbit/s;7.56 Mbit/s;0.0 %;2.33 ms;PTT Metro de Sao Paulo - Nodo 1;;;;;
29/07/15 23:13;16.42 Mbit/s;7.2 Mbit/s;< 1 ms;< 1 ms;17.9 Mbit/s;7.68 Mbit/s;0.0 %;2.39 ms;PTT Metro de Sao Paulo - Nodo 3;;;;;
29/07/15 22:13;18.65 Mbit/s;7.38 Mbit/s;< 1 ms;< 1 ms;20.47 Mbit/s;7.88 Mbit/s;0.0 %;2.27 ms;PTT Metro de Sao Paulo - Nodo 1;;;;;
29/07/15 21:13;14.78 Mbit/s;6.8 Mbit/s;< 1 ms;< 1 ms;16.22 Mbit/s;7.23 Mbit/s;0.0 %;2.76 ms;PTT Metro de Sao Paulo - Nodo 2 - PIX ALOG Tambore;;;;;
29/07/15 20:13;13.6 Mbit/s;6.91 Mbit/s;< 1 ms;< 1 ms;14.91 Mbit/s;7.38 Mbit/s;0.0 %;2.33 ms;PTT Metro de Sao Paulo - Nodo 2;;;;;
29/07/15 19:13;11.48 Mbit/s;5.56 Mbit/s;< 1 ms;1.12 ms;12.51 Mbit/s;5.35 Mbit/s;0.67 %;2.49 ms;PTT Metro de Sao Paulo - Nodo 3;;;;;
29/07/15 17:13;13.47 Mbit/s;6.5 Mbit/s;< 1 ms;< 1 ms;14.77 Mbit/s;6.94 Mbit/s;0.0 %;2.45 ms;PTT Metro de Sao Paulo - Nodo 4;;;;;
29/07/15 16:13;14.74 Mbit/s;5.61 Mbit/s;< 1 ms;< 1 ms;16.21 Mbit/s;5.99 Mbit/s;0.0 %;2.37 ms;PTT Metro de Sao Paulo - Nodo 2;;;;;
29/07/15 15:14;15.4 Mbit/s;7.65 Mbit/s;< 1 ms;< 1 ms;16.68 Mbit/s;8.17 Mbit/s;0.0 %;2.57 ms;PTT Metro de Sao Paulo - Nodo 3;;;;;
29/07/15 14:13;9.11 Mbit/s;9.51 Mbit/s;< 1 ms;< 1 ms;9.96 Mbit/s;10.16 Mbit/s;0.0 %;2.89 ms;PTT Metro de Sao Paulo - PIX ALOG Tambore;;;;;
29/07/15 13:13;9.9 Mbit/s;5.73 Mbit/s;< 1 ms;< 1 ms;10.67 Mbit/s;3.84 Mbit/s;0.67 %;2.5 ms;PTT Metro de Sao Paulo - Nodo 4;;;;;
29/07/15 12:13;14.31 Mbit/s;6.93 Mbit/s;< 1 ms;< 1 ms;15.92 Mbit/s;7.29 Mbit/s;0.0 %;2.84 ms;PTT Metro de Sao Paulo - Nodo 3 - PIX ALOG Tambore;;;;;
29/07/15 11:13;13.93 Mbit/s;7.78 Mbit/s;< 1 ms;< 1 ms;14.99 Mbit/s;6.81 Mbit/s;0.0 %;2.38 ms;PTT Metro de Sao Paulo - Nodo 3;;;;;
29/07/15 09:13;12.55 Mbit/s;7.13 Mbit/s;< 1 ms;< 1 ms;13.74 Mbit/s;7.63 Mbit/s;0.0 %;2.36 ms;PTT Metro de Sao Paulo - Nodo 1;;;;;
29/07/15 08:13;18.41 Mbit/s;7.72 Mbit/s;< 1 ms;< 1 ms;20.3 Mbit/s;8.27 Mbit/s;0.0 %;2.46 ms;PTT Metro de Sao Paulo - Nodo 4;;;;;
29/07/15 07:13;20.85 Mbit/s;7.49 Mbit/s;< 1 ms;< 1 ms;22.96 Mbit/s;7.99 Mbit/s;0.0 %;2.81 ms;PTT Metro de Sao Paulo - Nodo 2;;;;;
29/07/15 06:13;15.69 Mbit/s;7.85 Mbit/s;< 1 ms;7.17 ms;17.17 Mbit/s;8.37 Mbit/s;0.0 %;2.32 ms;PTT Metro de Sao Paulo - Nodo 3;;;;;
29/07/15 05:13;20.29 Mbit/s;8.19 Mbit/s;< 1 ms;< 1 ms;22.36 Mbit/s;8.73 Mbit/s;0.0 %;2.37 ms;PTT Metro de Sao Paulo - Nodo 1;;;;;
29/07/15 04:13;19.89 Mbit/s;7.66 Mbit/s;< 1 ms;< 1 ms;21.83 Mbit/s;8.18 Mbit/s;0.0 %;2.28 ms;PTT Metro de Sao Paulo - Nodo 4;;;;;
29/07/15 03:13;15.79 Mbit/s;7.66 Mbit/s;< 1 ms;< 1 ms;17.38 Mbit/s;8.19 Mbit/s;0.0 %;2.84 ms;PTT Metro de Sao Paulo - Nodo 2 - PIX ALOG Tambore;;;;;
29/07/15 02:13;14.85 Mbit/s;7.72 Mbit/s;< 1 ms;< 1 ms;16.32 Mbit/s;8.26 Mbit/s;0.0 %;2.38 ms;PTT Metro de Sao Paulo - Nodo 3;;;;;
29/07/15 01:14;15.95 Mbit/s;8.0 Mbit/s;< 1 ms;< 1 ms;17.31 Mbit/s;8.58 Mbit/s;0.0 %;2.32 ms;PTT Metro de Sao Paulo - Nodo 1;;;;;
29/07/15 00:13;13.0 Mbit/s;8.14 Mbit/s;< 1 ms;< 1 ms;14.33 Mbit/s;8.69 Mbit/s;0.0 %;2.39 ms;PTT Metro de Sao Paulo - Nodo 3;;;;;
28/07/15 23:13;14.11 Mbit/s;7.6 Mbit/s;< 1 ms;< 1 ms;15.55 Mbit/s;7.56 Mbit/s;0.0 %;2.38 ms;PTT Metro de Sao Paulo - Nodo 3;;;;;
28/07/15 22:13;17.23 Mbit/s;8.04 Mbit/s;< 1 ms;< 1 ms;18.89 Mbit/s;8.45 Mbit/s;0.0 %;2.43 ms;PTT Metro de Sao Paulo - Nodo 2;;;;;
28/07/15 21:13;15.54 Mbit/s;7.33 Mbit/s;< 1 ms;< 1 ms;17.12 Mbit/s;7.83 Mbit/s;0.0 %;2.27 ms;PTT Metro de Sao Paulo - Nodo 1;;;;;
28/07/15 20:13;18.83 Mbit/s;7.04 Mbit/s;< 1 ms;< 1 ms;20.34 Mbit/s;7.51 Mbit/s;0.0 %;2.3 ms;PTT Metro de Sao Paulo - Nodo 4;;;;;
28/07/15 19:13;11.66 Mbit/s;5.01 Mbit/s;< 1 ms;< 1 ms;12.8 Mbit/s;5.11 Mbit/s;0.0 %;2.28 ms;PTT Metro de Sao Paulo - Nodo 3;;;;;
28/07/15 18:13;16.28 Mbit/s;5.82 Mbit/s;< 1 ms;< 1 ms;17.67 Mbit/s;6.2 Mbit/s;0.0 %;2.31 ms;PTT Metro de Sao Paulo - Nodo 2;;;;;
28/07/15 16:13;14.69 Mbit/s;7.18 Mbit/s;< 1 ms;< 1 ms;16.08 Mbit/s;7.64 Mbit/s;0.0 %;2.84 ms;PTT Metro de Sao Paulo - Nodo 2 - PIX ALOG Tambore;;;;;
28/07/15 15:13;14.46 Mbit/s;8.38 Mbit/s;2.06 ms;< 1 ms;15.79 Mbit/s;8.86 Mbit/s;0.68 %;2.33 ms;PTT Metro de Sao Paulo - Nodo 3;;;;;
28/07/15 14:13;15.25 Mbit/s;7.88 Mbit/s;< 1 ms;< 1 ms;16.53 Mbit/s;8.39 Mbit/s;0.0 %;2.57 ms;PTT Metro de Sao Paulo - Nodo 2;;;;;
28/07/15 13:13;18.43 Mbit/s;10.08 Mbit/s;3.33 ms;< 1 ms;20.11 Mbit/s;10.78 Mbit/s;0.0 %;4.97 ms;PTT Metro de Sao Paulo - Nodo 1;;;;;
28/07/15 12:13;17.22 Mbit/s;6.96 Mbit/s;< 1 ms;< 1 ms;18.94 Mbit/s;7.45 Mbit/s;0.0 %;2.46 ms;PTT Metro de Sao Paulo - Nodo 4;;;;;
28/07/15 11:14;21.74 Mbit/s;8.69 Mbit/s;< 1 ms;< 1 ms;23.74 Mbit/s;9.27 Mbit/s;0.0 %;2.29 ms;PTT Metro de Sao Paulo - Nodo 3;;;;;
28/07/15 10:14;13.53 Mbit/s;5.76 Mbit/s;< 1 ms;< 1 ms;14.83 Mbit/s;5.55 Mbit/s;0.67 %;3.83 ms;PTT Metro de Sao Paulo - Nodo 2;;;;;
28/07/15 09:14;14.54 Mbit/s;7.23 Mbit/s;< 1 ms;2.83 ms;15.95 Mbit/s;7.69 Mbit/s;0.0 %;2.27 ms;PTT Metro de Sao Paulo - Nodo 1;;;;;
28/07/15 08:13;19.3 Mbit/s;7.56 Mbit/s;< 1 ms;< 1 ms;21.2 Mbit/s;8.07 Mbit/s;0.0 %;2.27 ms;PTT Metro de Sao Paulo - Nodo 4;;;;;
28/07/15 07:13;-;684.6 kbit/s;< 1 ms;1.32 ms;-;-;0.67 %;2.46 ms;PTT Metro de Sao Paulo - Nodo 1;;;;;
28/07/15 06:13;18.75 Mbit/s;7.46 Mbit/s;< 1 ms;2.38 ms;20.64 Mbit/s;7.95 Mbit/s;0.0 %;2.82 ms;PTT Metro de Sao Paulo - Nodo 3 - PIX ALOG Tambore;;;;;
28/07/15 05:13;15.19 Mbit/s;7.91 Mbit/s;< 1 ms;< 1 ms;16.72 Mbit/s;8.43 Mbit/s;0.0 %;2.36 ms;PTT Metro de Sao Paulo - Nodo 3;;;;;
28/07/15 04:13;14.43 Mbit/s;7.99 Mbit/s;< 1 ms;< 1 ms;15.9 Mbit/s;8.45 Mbit/s;0.0 %;2.33 ms;PTT Metro de Sao Paulo - Nodo 2;;;;;
28/07/15 03:13;22.08 Mbit/s;7.68 Mbit/s;< 1 ms;7.3 ms;24.12 Mbit/s;8.19 Mbit/s;0.0 %;2.38 ms;PTT Metro de Sao Paulo - Nodo 1;;;;;
28/07/15 02:13;22.54 Mbit/s;8.09 Mbit/s;< 1 ms;< 1 ms;24.68 Mbit/s;8.63 Mbit/s;0.0 %;2.34 ms;PTT Metro de Sao Paulo - Nodo 4;;;;;
28/07/15 01:13;17.37 Mbit/s;8.08 Mbit/s;< 1 ms;2.33 ms;19.08 Mbit/s;8.63 Mbit/s;0.67 %;2.3 ms;PTT Metro de Sao Paulo - Nodo 3;;;;;
28/07/15 00:13;14.83 Mbit/s;7.57 Mbit/s;< 1 ms;< 1 ms;16.17 Mbit/s;8.04 Mbit/s;0.0 %;2.43 ms;PTT Metro de Sao Paulo - Nodo 2;;;;;
27/07/15 23:13;17.33 Mbit/s;7.8 Mbit/s;< 1 ms;< 1 ms;19.11 Mbit/s;8.24 Mbit/s;0.0 %;2.77 ms;PTT Metro de Sao Paulo - Nodo 2 - PIX ALOG Tambore;;;;;
27/07/15 22:14;10.26 Mbit/s;8.02 Mbit/s;< 1 ms;< 1 ms;10.99 Mbit/s;8.55 Mbit/s;1.36 %;2.56 ms;PTT Metro de Sao Paulo - Nodo 4;;;;;
27/07/15 21:13;15.33 Mbit/s;8.31 Mbit/s;< 1 ms;< 1 ms;16.78 Mbit/s;8.68 Mbit/s;0.0 %;2.34 ms;PTT Metro de Sao Paulo - Nodo 3;;;;;
27/07/15 20:13;16.14 Mbit/s;7.97 Mbit/s;< 1 ms;< 1 ms;17.71 Mbit/s;8.55 Mbit/s;0.0 %;2.5 ms;PTT Metro de Sao Paulo - Nodo 2;;;;;
27/07/15 19:13;13.81 Mbit/s;7.84 Mbit/s;< 1 ms;< 1 ms;15.05 Mbit/s;8.22 Mbit/s;0.0 %;2.25 ms;PTT Metro de Sao Paulo - Nodo 1;;;;;
27/07/15 18:13;12.43 Mbit/s;7.59 Mbit/s;< 1 ms;< 1 ms;13.16 Mbit/s;8.15 Mbit/s;0.0 %;2.23 ms;PTT Metro de Sao Paulo - Nodo 4;;;;;
27/07/15 17:13;16.65 Mbit/s;7.83 Mbit/s;< 1 ms;< 1 ms;17.55 Mbit/s;8.38 Mbit/s;0.0 %;2.37 ms;PTT Metro de Sao Paulo - Nodo 3;;;;;
27/07/15 16:13;17.41 Mbit/s;7.78 Mbit/s;< 1 ms;< 1 ms;19.08 Mbit/s;8.4 Mbit/s;0.0 %;2.41 ms;PTT Metro de Sao Paulo - Nodo 2;;;;;
27/07/15 15:13;20.1 Mbit/s;7.68 Mbit/s;< 1 ms;< 1 ms;21.72 Mbit/s;8.2 Mbit/s;0.0 %;2.32 ms;PTT Metro de Sao Paulo - Nodo 1;;;;;
27/07/15 13:13;15.27 Mbit/s;6.79 Mbit/s;< 1 ms;< 1 ms;15.23 Mbit/s;7.32 Mbit/s;0.67 %;2.33 ms;PTT Metro de Sao Paulo - Nodo 1;;;;;
27/07/15 12:13;17.65 Mbit/s;8.14 Mbit/s;< 1 ms;< 1 ms;19.27 Mbit/s;8.68 Mbit/s;0.0 %;2.41 ms;PTT Metro de Sao Paulo - Nodo 4;;;;;
27/07/15 11:13;15.38 Mbit/s;8.69 Mbit/s;< 1 ms;< 1 ms;16.86 Mbit/s;8.99 Mbit/s;0.0 %;2.39 ms;PTT Metro de Sao Paulo - Nodo 3;;;;;
27/07/15 10:13;11.72 Mbit/s;7.62 Mbit/s;< 1 ms;< 1 ms;12.72 Mbit/s;7.87 Mbit/s;0.0 %;2.36 ms;PTT Metro de Sao Paulo - Nodo 2;;;;;
27/07/15 09:14;13.43 Mbit/s;7.0 Mbit/s;< 1 ms;< 1 ms;14.71 Mbit/s;7.47 Mbit/s;0.0 %;2.61 ms;PTT Metro de Sao Paulo - Nodo 1;;;;;
27/07/15 08:13;19.1 Mbit/s;8.48 Mbit/s;< 1 ms;< 1 ms;20.81 Mbit/s;9.11 Mbit/s;0.0 %;2.44 ms;PTT Metro de Sao Paulo - Nodo 4;;;;;
27/07/15 07:13;15.89 Mbit/s;7.71 Mbit/s;< 1 ms;< 1 ms;17.36 Mbit/s;7.96 Mbit/s;0.0 %;2.37 ms;PTT Metro de Sao Paulo - Nodo 3;;;;;
27/07/15 06:13;16.47 Mbit/s;8.33 Mbit/s;< 1 ms;3.57 ms;18.08 Mbit/s;8.85 Mbit/s;0.0 %;2.33 ms;PTT Metro de Sao Paulo - Nodo 2;;;;;
27/07/15 05:13;17.53 Mbit/s;8.29 Mbit/s;< 1 ms;< 1 ms;19.24 Mbit/s;8.84 Mbit/s;0.0 %;2.16 ms;PTT Metro de Sao Paulo - Nodo 1;;;;;
27/07/15 04:13;19.48 Mbit/s;8.46 Mbit/s;< 1 ms;< 1 ms;21.47 Mbit/s;9.02 Mbit/s;0.0 %;2.33 ms;PTT Metro de Sao Paulo - Nodo 4;;;;;
27/07/15 03:13;20.76 Mbit/s;7.98 Mbit/s;< 1 ms;< 1 ms;22.89 Mbit/s;8.5 Mbit/s;0.0 %;2.3 ms;PTT Metro de Sao Paulo - Nodo 3;;;;;
27/07/15 02:13;18.31 Mbit/s;8.5 Mbit/s;< 1 ms;< 1 ms;20.08 Mbit/s;9.06 Mbit/s;0.0 %;2.3 ms;PTT Metro de Sao Paulo - Nodo 2;;;;;
27/07/15 01:13;17.96 Mbit/s;8.4 Mbit/s;< 1 ms;< 1 ms;19.51 Mbit/s;8.83 Mbit/s;0.0 %;2.31 ms;PTT Metro de Sao Paulo - Nodo 1;;;;;
27/07/15 00:13;18.66 Mbit/s;8.97 Mbit/s;< 1 ms;< 1 ms;20.53 Mbit/s;9.55 Mbit/s;0.0 %;2.71 ms;PTT Metro de Sao Paulo - Nodo 2 - PIX ALOG Tambore;;;;;
26/07/15 23:13;21.32 Mbit/s;7.98 Mbit/s;< 1 ms;< 1 ms;23.32 Mbit/s;8.46 Mbit/s;0.0 %;2.81 ms;PTT Metro de Sao Paulo - PIX ALOG Tambore;;;;;
26/07/15 22:13;16.47 Mbit/s;8.19 Mbit/s;< 1 ms;< 1 ms;18.14 Mbit/s;8.78 Mbit/s;0.0 %;2.29 ms;PTT Metro de Sao Paulo - Nodo 2;;;;;
26/07/15 21:13;16.23 Mbit/s;8.29 Mbit/s;< 1 ms;< 1 ms;17.82 Mbit/s;8.83 Mbit/s;0.0 %;2.35 ms;PTT Metro de Sao Paulo - Nodo 1;;;;;
26/07/15 20:13;18.0 Mbit/s;8.06 Mbit/s;< 1 ms;< 1 ms;19.83 Mbit/s;8.59 Mbit/s;0.0 %;2.39 ms;PTT Metro de Sao Paulo - Nodo 4;;;;;
26/07/15 19:13;18.55 Mbit/s;7.9 Mbit/s;< 1 ms;< 1 ms;20.38 Mbit/s;8.42 Mbit/s;0.0 %;2.26 ms;PTT Metro de Sao Paulo - Nodo 3;;;;;
26/07/15 18:13;15.03 Mbit/s;8.83 Mbit/s;< 1 ms;< 1 ms;16.53 Mbit/s;9.43 Mbit/s;0.0 %;2.22 ms;PTT Metro de Sao Paulo - Nodo 2;;;;;
26/07/15 17:13;14.63 Mbit/s;7.31 Mbit/s;< 1 ms;< 1 ms;15.91 Mbit/s;7.83 Mbit/s;0.0 %;2.24 ms;PTT Metro de Sao Paulo - Nodo 1;;;;;
26/07/15 16:13;18.62 Mbit/s;8.26 Mbit/s;< 1 ms;< 1 ms;20.34 Mbit/s;8.83 Mbit/s;0.0 %;2.31 ms;PTT Metro de Sao Paulo - Nodo 4;;;;;
26/07/15 16:13;97.36 Mbit/s;92.67 Mbit/s;< 1 ms;< 1 ms;93.74 Mbit/s;90.22 Mbit/s;0.0 %;15.48 ms;PTT Metro de Curitiba;;;;;
26/07/15 15:13;20.38 Mbit/s;10.36 Mbit/s;< 1 ms;< 1 ms;22.11 Mbit/s;11.08 Mbit/s;0.0 %;2.77 ms;PTT Metro de Sao Paulo - PIX ALOG Tambore;;;;;
26/07/15 14:13;16.69 Mbit/s;9.32 Mbit/s;< 1 ms;< 1 ms;17.97 Mbit/s;9.81 Mbit/s;0.0 %;2.26 ms;PTT Metro de Sao Paulo - Nodo 1;;;;;
26/07/15 13:13;16.92 Mbit/s;7.92 Mbit/s;< 1 ms;< 1 ms;18.33 Mbit/s;8.53 Mbit/s;0.0 %;2.32 ms;PTT Metro de Sao Paulo - Nodo 4;;;;;
26/07/15 12:13;15.09 Mbit/s;7.91 Mbit/s;< 1 ms;< 1 ms;16.55 Mbit/s;8.46 Mbit/s;0.0 %;2.43 ms;PTT Metro de Sao Paulo - Nodo 3;;;;;
26/07/15 11:13;18.65 Mbit/s;10.97 Mbit/s;< 1 ms;< 1 ms;20.51 Mbit/s;11.73 Mbit/s;1.36 %;2.31 ms;PTT Metro de Sao Paulo - Nodo 2;;;;;
26/07/15 10:13;21.39 Mbit/s;8.78 Mbit/s;< 1 ms;< 1 ms;22.94 Mbit/s;9.45 Mbit/s;0.0 %;2.27 ms;PTT Metro de Sao Paulo - Nodo 1;;;;;
26/07/15 09:13;22.3 Mbit/s;9.04 Mbit/s;< 1 ms;< 1 ms;24.45 Mbit/s;9.63 Mbit/s;0.0 %;2.39 ms;PTT Metro de Sao Paulo - Nodo 4;;;;;
26/07/15 08:13;21.58 Mbit/s;8.4 Mbit/s;< 1 ms;< 1 ms;23.77 Mbit/s;8.97 Mbit/s;0.0 %;2.29 ms;PTT Metro de Sao Paulo - Nodo 3;;;;;
26/07/15 07:13;14.46 Mbit/s;7.49 Mbit/s;< 1 ms;< 1 ms;15.9 Mbit/s;7.99 Mbit/s;0.0 %;2.35 ms;PTT Metro de Sao Paulo - Nodo 2;;;;;
26/07/15 06:13;13.41 Mbit/s;7.84 Mbit/s;2.81 ms;< 1 ms;14.74 Mbit/s;8.28 Mbit/s;0.0 %;2.27 ms;PTT Metro de Sao Paulo - Nodo 1;;;;;
26/07/15 05:13;12.79 Mbit/s;4.88 Mbit/s;< 1 ms;< 1 ms;14.03 Mbit/s;5.22 Mbit/s;0.0 %;2.29 ms;PTT Metro de Sao Paulo - Nodo 4;;;;;
26/07/15 04:13;19.44 Mbit/s;7.74 Mbit/s;< 1 ms;< 1 ms;21.42 Mbit/s;8.26 Mbit/s;0.0 %;2.83 ms;PTT Metro de Sao Paulo - PIX ALOG Tambore;;;;;
26/07/15 03:13;19.15 Mbit/s;7.74 Mbit/s;< 1 ms;< 1 ms;21.05 Mbit/s;8.26 Mbit/s;0.0 %;2.33 ms;PTT Metro de Sao Paulo - Nodo 2;;;;;
26/07/15 02:13;16.46 Mbit/s;5.2 Mbit/s;< 1 ms;< 1 ms;17.95 Mbit/s;5.57 Mbit/s;0.0 %;2.82 ms;PTT Metro de Sao Paulo - PIX ALOG Tambore;;;;;
26/07/15 01:13;17.15 Mbit/s;8.84 Mbit/s;< 1 ms;< 1 ms;18.89 Mbit/s;9.45 Mbit/s;0.0 %;2.31 ms;PTT Metro de Sao Paulo - Nodo 4;;;;;
25/07/15 23:13;15.7 Mbit/s;9.61 Mbit/s;< 1 ms;< 1 ms;17.23 Mbit/s;10.27 Mbit/s;0.0 %;2.28 ms;PTT Metro de Sao Paulo - Nodo 2;;;;;
25/07/15 22:14;18.82 Mbit/s;9.26 Mbit/s;< 1 ms;< 1 ms;20.71 Mbit/s;9.9 Mbit/s;0.0 %;2.32 ms;PTT Metro de Sao Paulo - Nodo 1;;;;;
25/07/15 21:13;21.5 Mbit/s;8.7 Mbit/s;< 1 ms;1.49 ms;23.37 Mbit/s;9.29 Mbit/s;0.0 %;2.32 ms;PTT Metro de Sao Paulo - Nodo 4;;;;;
25/07/15 20:13;15.65 Mbit/s;8.48 Mbit/s;< 1 ms;< 1 ms;16.87 Mbit/s;9.08 Mbit/s;0.0 %;2.34 ms;PTT Metro de Sao Paulo - Nodo 1;;;;;
25/07/15 19:13;19.06 Mbit/s;7.17 Mbit/s;< 1 ms;< 1 ms;20.97 Mbit/s;7.65 Mbit/s;0.0 %;2.27 ms;PTT Metro de Sao Paulo - Nodo 2;;;;;
25/07/15 18:13;20.02 Mbit/s;10.31 Mbit/s;< 1 ms;< 1 ms;21.92 Mbit/s;10.96 Mbit/s;0.0 %;2.26 ms;PTT Metro de Sao Paulo - Nodo 1;;;;;
25/07/15 17:13;17.13 Mbit/s;9.1 Mbit/s;< 1 ms;< 1 ms;18.84 Mbit/s;9.77 Mbit/s;0.0 %;2.37 ms;PTT Metro de Sao Paulo - Nodo 4;;;;;
25/07/15 16:13;17.89 Mbit/s;9.91 Mbit/s;< 1 ms;< 1 ms;19.62 Mbit/s;10.62 Mbit/s;0.0 %;2.27 ms;PTT Metro de Sao Paulo - Nodo 3;;;;;
25/07/15 15:13;14.18 Mbit/s;7.74 Mbit/s;< 1 ms;< 1 ms;15.38 Mbit/s;8.26 Mbit/s;0.0 %;2.77 ms;PTT Metro de Sao Paulo - Nodo 2 - PIX ALOG Tambore;;;;;
25/07/15 14:13;18.35 Mbit/s;8.48 Mbit/s;< 1 ms;< 1 ms;20.07 Mbit/s;9.05 Mbit/s;0.0 %;2.52 ms;PTT Metro de Sao Paulo - Nodo 1;;;;;
25/07/15 13:14;17.64 Mbit/s;8.24 Mbit/s;< 1 ms;< 1 ms;19.12 Mbit/s;8.8 Mbit/s;0.0 %;2.92 ms;PTT Metro de Sao Paulo - Nodo 3 - PIX ALOG Tambore;;;;;
25/07/15 12:13;20.52 Mbit/s;7.5 Mbit/s;< 1 ms;1.38 ms;22.5 Mbit/s;8.02 Mbit/s;0.0 %;2.25 ms;PTT Metro de Sao Paulo - Nodo 3;;;;;
25/07/15 11:13;17.51 Mbit/s;6.31 Mbit/s;< 1 ms;< 1 ms;19.23 Mbit/s;6.73 Mbit/s;0.0 %;2.25 ms;PTT Metro de Sao Paulo - Nodo 2;;;;;
25/07/15 10:13;14.45 Mbit/s;6.1 Mbit/s;< 1 ms;< 1 ms;15.84 Mbit/s;6.47 Mbit/s;0.0 %;2.37 ms;PTT Metro de Sao Paulo - Nodo 1;;;;;
25/07/15 09:14;11.72 Mbit/s;5.6 Mbit/s;< 1 ms;< 1 ms;12.67 Mbit/s;5.87 Mbit/s;0.0 %;2.82 ms;PTT Metro de Sao Paulo - PIX ALOG Tambore;;;;;
25/07/15 08:13;22.7 Mbit/s;8.37 Mbit/s;< 1 ms;< 1 ms;24.8 Mbit/s;8.97 Mbit/s;0.0 %;2.38 ms;PTT Metro de Sao Paulo - Nodo 3;;;;;
25/07/15 07:13;12.15 Mbit/s;7.39 Mbit/s;< 1 ms;< 1 ms;13.38 Mbit/s;7.9 Mbit/s;0.0 %;2.41 ms;PTT Metro de Sao Paulo - Nodo 2;;;;;
25/07/15 06:13;15.39 Mbit/s;8.42 Mbit/s;< 1 ms;< 1 ms;16.9 Mbit/s;8.97 Mbit/s;0.0 %;2.38 ms;PTT Metro de Sao Paulo - Nodo 1;;;;;
25/07/15 05:13;20.19 Mbit/s;8.4 Mbit/s;< 1 ms;< 1 ms;22.25 Mbit/s;8.98 Mbit/s;0.0 %;2.34 ms;PTT Metro de Sao Paulo - Nodo 4;;;;;
25/07/15 03:13;15.47 Mbit/s;8.33 Mbit/s;< 1 ms;< 1 ms;16.81 Mbit/s;8.88 Mbit/s;0.0 %;2.2 ms;PTT Metro de Sao Paulo - Nodo 2;;;;;
25/07/15 02:38;1.79 Mbit/s;289.56 kbit/s;1.85 ms;< 1 ms;1.71 Mbit/s;259.27 kbit/s;1.35 %;33.02 ms;PTT Metro de Sao Paulo - Nodo 4;;;;;
25/07/15 02:13;19.49 Mbit/s;9.12 Mbit/s;< 1 ms;4.93 ms;21.48 Mbit/s;9.77 Mbit/s;0.0 %;2.73 ms;PTT Metro de Sao Paulo - PIX ALOG Tambore;;;;;
25/07/15 01:13;17.0 Mbit/s;8.06 Mbit/s;< 1 ms;< 1 ms;18.68 Mbit/s;8.59 Mbit/s;0.0 %;2.32 ms;PTT Metro de Sao Paulo - Nodo 4;;;;;
25/07/15 00:13;18.71 Mbit/s;8.34 Mbit/s;< 1 ms;< 1 ms;20.39 Mbit/s;8.9 Mbit/s;0.0 %;2.18 ms;PTT Metro de Sao Paulo - Nodo 1;;;;;
24/07/15 23:13;17.82 Mbit/s;7.28 Mbit/s;< 1 ms;< 1 ms;19.53 Mbit/s;7.78 Mbit/s;0.0 %;2.37 ms;PTT Metro de Sao Paulo - Nodo 4;;;;;
24/07/15 22:13;14.79 Mbit/s;7.93 Mbit/s;< 1 ms;2.27 ms;16.29 Mbit/s;8.49 Mbit/s;0.0 %;2.31 ms;PTT Metro de Sao Paulo - Nodo 3;;;;;
24/07/15 21:13;14.69 Mbit/s;7.97 Mbit/s;< 1 ms;< 1 ms;16.03 Mbit/s;8.5 Mbit/s;0.0 %;2.2 ms;PTT Metro de Sao Paulo - Nodo 2;;;;;
24/07/15 20:13;20.08 Mbit/s;8.7 Mbit/s;< 1 ms;< 1 ms;22.0 Mbit/s;9.32 Mbit/s;0.0 %;2.3 ms;PTT Metro de Sao Paulo - Nodo 1;;;;;
24/07/15 19:13;20.96 Mbit/s;7.19 Mbit/s;< 1 ms;< 1 ms;22.99 Mbit/s;7.67 Mbit/s;0.0 %;2.24 ms;PTT Metro de Sao Paulo - Nodo 4;;;;;
24/07/15 18:13;13.06 Mbit/s;7.27 Mbit/s;< 1 ms;< 1 ms;14.27 Mbit/s;7.75 Mbit/s;0.0 %;2.53 ms;PTT Metro de Sao Paulo - Nodo 1;;;;;
24/07/15 16:13;15.81 Mbit/s;6.77 Mbit/s;< 1 ms;< 1 ms;17.34 Mbit/s;7.19 Mbit/s;0.0 %;2.5 ms;PTT Metro de Sao Paulo - Nodo 3;;;;;
24/07/15 15:13;15.77 Mbit/s;9.21 Mbit/s;< 1 ms;< 1 ms;17.24 Mbit/s;9.93 Mbit/s;0.0 %;2.97 ms;PTT Metro de Sao Paulo - Nodo 2 - PIX ALOG Tambore;;;;;
24/07/15 13:13;15.53 Mbit/s;7.73 Mbit/s;< 1 ms;3.3 ms;17.06 Mbit/s;8.25 Mbit/s;0.67 %;2.23 ms;PTT Metro de Sao Paulo - Nodo 4;;;;;
24/07/15 12:13;15.4 Mbit/s;6.97 Mbit/s;< 1 ms;3.97 ms;16.82 Mbit/s;7.08 Mbit/s;0.0 %;2.37 ms;PTT Metro de Sao Paulo - Nodo 1;;;;;
24/07/15 11:14;10.39 Mbit/s;6.38 Mbit/s;< 1 ms;< 1 ms;11.25 Mbit/s;6.82 Mbit/s;2.08 %;2.83 ms;PTT Metro de Sao Paulo - PIX ALOG Tambore;;;;;
24/07/15 10:14;15.71 Mbit/s;7.88 Mbit/s;< 1 ms;< 1 ms;17.16 Mbit/s;8.31 Mbit/s;0.0 %;2.49 ms;PTT Metro de Sao Paulo - Nodo 4;;;;;
24/07/15 09:13;14.91 Mbit/s;6.96 Mbit/s;< 1 ms;< 1 ms;13.59 Mbit/s;7.42 Mbit/s;0.67 %;2.41 ms;PTT Metro de Sao Paulo - Nodo 1;;;;;
24/07/15 08:13;12.26 Mbit/s;7.25 Mbit/s;< 1 ms;< 1 ms;13.51 Mbit/s;7.08 Mbit/s;0.0 %;2.2 ms;PTT Metro de Sao Paulo - Nodo 2;;;;;
24/07/15 07:13;12.96 Mbit/s;7.51 Mbit/s;< 1 ms;< 1 ms;14.2 Mbit/s;7.04 Mbit/s;0.0 %;2.75 ms;PTT Metro de Sao Paulo - Nodo 3 - PIX ALOG Tambore;;;;;
24/07/15 06:13;20.3 Mbit/s;6.95 Mbit/s;< 1 ms;< 1 ms;22.23 Mbit/s;7.41 Mbit/s;0.0 %;2.22 ms;PTT Metro de Sao Paulo - Nodo 4;;;;;
24/07/15 05:13;14.78 Mbit/s;7.78 Mbit/s;< 1 ms;< 1 ms;16.21 Mbit/s;8.07 Mbit/s;0.0 %;2.3 ms;PTT Metro de Sao Paulo - Nodo 1;;;;;
24/07/15 04:13;17.14 Mbit/s;8.83 Mbit/s;< 1 ms;< 1 ms;18.85 Mbit/s;9.42 Mbit/s;0.0 %;2.2 ms;PTT Metro de Sao Paulo - Nodo 2;;;;;
24/07/15 03:13;18.01 Mbit/s;9.06 Mbit/s;< 1 ms;< 1 ms;19.85 Mbit/s;9.66 Mbit/s;0.0 %;2.85 ms;PTT Metro de Sao Paulo - Nodo 2 - PIX ALOG Tambore;;;;;
24/07/15 02:13;18.38 Mbit/s;8.75 Mbit/s;< 1 ms;< 1 ms;19.99 Mbit/s;8.82 Mbit/s;0.0 %;2.32 ms;PTT Metro de Sao Paulo - Nodo 4;;;;;
24/07/15 01:13;17.21 Mbit/s;8.35 Mbit/s;< 1 ms;< 1 ms;18.91 Mbit/s;8.83 Mbit/s;0.0 %;2.32 ms;PTT Metro de Sao Paulo - Nodo 1;;;;;
24/07/15 00:13;14.17 Mbit/s;8.23 Mbit/s;< 1 ms;< 1 ms;15.5 Mbit/s;8.8 Mbit/s;0.0 %;2.25 ms;PTT Metro de Sao Paulo - Nodo 2;;;;;
23/07/15 23:13;18.76 Mbit/s;8.31 Mbit/s;1.03 ms;< 1 ms;19.43 Mbit/s;8.81 Mbit/s;0.0 %;2.45 ms;PTT Metro de Sao Paulo - Nodo 3;;;;;
23/07/15 22:13;13.61 Mbit/s;7.52 Mbit/s;< 1 ms;< 1 ms;14.94 Mbit/s;8.05 Mbit/s;0.0 %;2.23 ms;PTT Metro de Sao Paulo - Nodo 4;;;;;
23/07/15 20:13;18.75 Mbit/s;8.53 Mbit/s;< 1 ms;< 1 ms;20.54 Mbit/s;9.12 Mbit/s;0.0 %;2.3 ms;PTT Metro de Sao Paulo - Nodo 2;;;;;
23/07/15 19:14;17.1 Mbit/s;8.98 Mbit/s;< 1 ms;< 1 ms;18.55 Mbit/s;9.6 Mbit/s;0.0 %;2.29 ms;PTT Metro de Sao Paulo - Nodo 3;;;;;
23/07/15 18:13;10.88 Mbit/s;7.61 Mbit/s;< 1 ms;< 1 ms;11.85 Mbit/s;8.12 Mbit/s;0.0 %;2.33 ms;PTT Metro de Sao Paulo - Nodo 4;;;;;
23/07/15 17:13;13.79 Mbit/s;7.0 Mbit/s;< 1 ms;< 1 ms;15.11 Mbit/s;7.47 Mbit/s;0.0 %;2.98 ms;PTT Metro de Sao Paulo - PIX ALOG Tambore;;;;;
23/07/15 16:13;931.99 kbit/s;8.06 Mbit/s;< 1 ms;< 1 ms;1.02 Mbit/s;8.57 Mbit/s;0.0 %;2.38 ms;PTT Metro de Sao Paulo - Nodo 2;;;;;
23/07/15 15:13;12.86 Mbit/s;7.91 Mbit/s;< 1 ms;< 1 ms;14.12 Mbit/s;8.1 Mbit/s;0.0 %;2.91 ms;PTT Metro de Sao Paulo - Nodo 2 - PIX ALOG Tambore;;;;;
23/07/15 14:13;17.55 Mbit/s;7.43 Mbit/s;< 1 ms;< 1 ms;18.29 Mbit/s;7.92 Mbit/s;0.0 %;2.35 ms;PTT Metro de Sao Paulo - Nodo 4;;;;;
23/07/15 13:13;11.97 Mbit/s;7.5 Mbit/s;< 1 ms;< 1 ms;13.06 Mbit/s;7.97 Mbit/s;0.0 %;2.51 ms;PTT Metro de Sao Paulo - Nodo 1;;;;;
23/07/15 12:16;16.93 Mbit/s;8.39 Mbit/s;< 1 ms;< 1 ms;18.61 Mbit/s;8.92 Mbit/s;0.0 %;2.78 ms;PTT Metro de Sao Paulo - Nodo 2 - PIX ALOG Tambore;;;;;
23/07/15 11:16;11.07 Mbit/s;7.02 Mbit/s;< 1 ms;< 1 ms;12.16 Mbit/s;7.47 Mbit/s;0.0 %;2.86 ms;PTT Metro de Sao Paulo - PIX ALOG Tambore;;;;;
23/07/15 10:41;8.15 Mbit/s;8.62 Mbit/s;< 1 ms;1.95 ms;8.85 Mbit/s;8.91 Mbit/s;0.0 %;2.57 ms;PTT Metro de Sao Paulo - Nodo 2;;;;;
23/07/15 10:16;18.46 Mbit/s;7.65 Mbit/s;< 1 ms;< 1 ms;20.18 Mbit/s;8.16 Mbit/s;0.0 %;2.74 ms;PTT Metro de Sao Paulo - Nodo 3 - PIX ALOG Tambore;;;;;
23/07/15 09:16;14.19 Mbit/s;7.35 Mbit/s;< 1 ms;< 1 ms;15.31 Mbit/s;7.92 Mbit/s;0.0 %;2.34 ms;PTT Metro de Sao Paulo - Nodo 1;;;;;
23/07/15 08:16;13.41 Mbit/s;7.52 Mbit/s;< 1 ms;< 1 ms;14.14 Mbit/s;8.02 Mbit/s;0.0 %;2.36 ms;PTT Metro de Sao Paulo - Nodo 4;;;;;
23/07/15 07:16;6.9 Mbit/s;8.29 Mbit/s;< 1 ms;< 1 ms;6.6 Mbit/s;8.85 Mbit/s;0.0 %;2.78 ms;PTT Metro de Sao Paulo - Nodo 3 - PIX ALOG Tambore;;;;;
23/07/15 06:16;4.86 Mbit/s;8.48 Mbit/s;< 1 ms;< 1 ms;4.6 Mbit/s;9.1 Mbit/s;0.67 %;2.74 ms;PTT Metro de Sao Paulo - Nodo 2 - PIX ALOG Tambore;;;;;
23/07/15 05:16;6.42 Mbit/s;8.63 Mbit/s;< 1 ms;< 1 ms;6.16 Mbit/s;9.22 Mbit/s;0.67 %;2.33 ms;PTT Metro de Sao Paulo - Nodo 1;;;;;
23/07/15 04:17;6.88 Mbit/s;8.46 Mbit/s;< 1 ms;< 1 ms;6.64 Mbit/s;9.05 Mbit/s;0.67 %;2.37 ms;PTT Metro de Sao Paulo - Nodo 4;;;;;
23/07/15 03:16;9.81 Mbit/s;8.04 Mbit/s;< 1 ms;< 1 ms;9.62 Mbit/s;8.58 Mbit/s;0.67 %;2.34 ms;PTT Metro de Sao Paulo - Nodo 3;;;;;
23/07/15 02:17;7.39 Mbit/s;8.81 Mbit/s;< 1 ms;< 1 ms;7.21 Mbit/s;9.4 Mbit/s;1.36 %;2.79 ms;PTT Metro de Sao Paulo - PIX ALOG Tambore;;;;;
23/07/15 00:16;10.4 Mbit/s;9.49 Mbit/s;< 1 ms;< 1 ms;10.3 Mbit/s;10.08 Mbit/s;0.67 %;2.63 ms;PTT Metro de Sao Paulo - Nodo 2 - PIX ALOG Tambore;;;;;
22/07/15 23:16;11.15 Mbit/s;8.41 Mbit/s;< 1 ms;< 1 ms;10.98 Mbit/s;9.03 Mbit/s;0.67 %;2.26 ms;PTT Metro de Sao Paulo - Nodo 3;;;;;
22/07/15 22:16;10.1 Mbit/s;11.78 Mbit/s;< 1 ms;1.04 ms;9.75 Mbit/s;12.57 Mbit/s;0.0 %;2.23 ms;PTT Metro de Sao Paulo - Nodo 2;;;;;
22/07/15 21:16;9.7 Mbit/s;8.93 Mbit/s;< 1 ms;< 1 ms;9.66 Mbit/s;9.59 Mbit/s;0.0 %;2.91 ms;PTT Metro de Sao Paulo - Nodo 2 - PIX ALOG Tambore;;;;;
22/07/15 20:16;13.19 Mbit/s;8.41 Mbit/s;< 1 ms;6.22 ms;13.28 Mbit/s;9.0 Mbit/s;0.0 %;2.31 ms;PTT Metro de Sao Paulo - Nodo 4;;;;;
22/07/15 19:16;10.12 Mbit/s;8.05 Mbit/s;< 1 ms;< 1 ms;9.91 Mbit/s;8.69 Mbit/s;0.0 %;2.2 ms;PTT Metro de Sao Paulo - Nodo 3;;;;;
22/07/15 18:16;12.59 Mbit/s;7.97 Mbit/s;4.88 ms;2.33 ms;12.54 Mbit/s;8.52 Mbit/s;0.0 %;2.36 ms;PTT Metro de Sao Paulo - Nodo 2;;;;;
22/07/15 17:16;11.37 Mbit/s;6.85 Mbit/s;< 1 ms;< 1 ms;11.49 Mbit/s;7.32 Mbit/s;2.8 %;6.39 ms;PTT Metro de Sao Paulo - PIX ALOG Tambore;;;;;
22/07/15 16:16;7.72 Mbit/s;8.73 Mbit/s;< 1 ms;< 1 ms;7.62 Mbit/s;9.31 Mbit/s;6.82 %;7.08 ms;PTT Metro de Sao Paulo - Nodo 4;;;;;
22/07/15 15:17;9.47 Mbit/s;7.91 Mbit/s;< 1 ms;< 1 ms;9.46 Mbit/s;7.6 Mbit/s;6.77 %;7.53 ms;PTT Metro de Sao Paulo - Nodo 2 - PIX ALOG Tambore;;;;;
22/07/15 14:14;12.0 Mbit/s;7.98 Mbit/s;< 1 ms;< 1 ms;12.69 Mbit/s;8.51 Mbit/s;0.67 %;5.83 ms;PTT Metro de Sao Paulo - Nodo 3;;;;;
22/07/15 13:13;14.46 Mbit/s;8.21 Mbit/s;< 1 ms;< 1 ms;15.53 Mbit/s;8.75 Mbit/s;0.0 %;3.21 ms;PTT Metro de Sao Paulo - Nodo 2;;;;;
22/07/15 12:13;14.63 Mbit/s;8.04 Mbit/s;< 1 ms;4.25 ms;15.76 Mbit/s;8.21 Mbit/s;0.67 %;5.16 ms;PTT Metro de Sao Paulo - Nodo 2 - PIX ALOG Tambore;;;;;
22/07/15 11:14;11.38 Mbit/s;7.6 Mbit/s;< 1 ms;< 1 ms;11.78 Mbit/s;8.11 Mbit/s;3.55 %;6.58 ms;PTT Metro de Sao Paulo - PIX ALOG Tambore;;;;;
22/07/15 10:13;15.78 Mbit/s;8.64 Mbit/s;< 1 ms;< 1 ms;16.56 Mbit/s;9.17 Mbit/s;1.36 %;2.77 ms;PTT Metro de Sao Paulo - Nodo 3;;;;;
22/07/15 09:13;9.61 Mbit/s;8.16 Mbit/s;< 1 ms;< 1 ms;9.42 Mbit/s;8.71 Mbit/s;0.0 %;2.45 ms;PTT Metro de Sao Paulo - Nodo 2;;;;;
22/07/15 08:14;1.07 Mbit/s;10.09 Mbit/s;< 1 ms;< 1 ms;847.42 kbit/s;10.44 Mbit/s;4.32 %;2.26 ms;PTT Metro de Sao Paulo - Nodo 4;;;;;
22/07/15 07:14;702.41 kbit/s;9.59 Mbit/s;< 1 ms;< 1 ms;507.05 kbit/s;10.18 Mbit/s;3.55 %;2.35 ms;PTT Metro de Sao Paulo - Nodo 1;;;;;
22/07/15 06:13;2.66 Mbit/s;10.19 Mbit/s;< 1 ms;< 1 ms;2.33 Mbit/s;10.9 Mbit/s;0.0 %;2.35 ms;PTT Metro de Sao Paulo - Nodo 3;;;;;
22/07/15 05:13;3.88 Mbit/s;12.94 Mbit/s;< 1 ms;< 1 ms;3.54 Mbit/s;13.81 Mbit/s;2.07 %;2.34 ms;PTT Metro de Sao Paulo - Nodo 2;;;;;
22/07/15 04:14;3.14 Mbit/s;10.61 Mbit/s;< 1 ms;< 1 ms;2.72 Mbit/s;11.36 Mbit/s;0.0 %;2.87 ms;PTT Metro de Sao Paulo - Nodo 3 - PIX ALOG Tambore;;;;;
22/07/15 03:14;1.29 Mbit/s;11.21 Mbit/s;< 1 ms;< 1 ms;998.4 kbit/s;11.81 Mbit/s;1.36 %;2.81 ms;PTT Metro de Sao Paulo - PIX ALOG Tambore;;;;;
22/07/15 02:38;17.01 Mbit/s;9.4 Mbit/s;< 1 ms;< 1 ms;18.74 Mbit/s;10.1 Mbit/s;0.0 %;2.95 ms;PTT Metro de Sao Paulo - Nodo 3 - PIX ALOG Tambore;;;;;
22/07/15 02:14;3.38 Mbit/s;11.87 Mbit/s;< 1 ms;< 1 ms;3.11 Mbit/s;12.7 Mbit/s;2.8 %;2.37 ms;PTT Metro de Sao Paulo - Nodo 3;;;;;
22/07/15 01:38;16.64 Mbit/s;10.66 Mbit/s;< 1 ms;1.02 ms;18.28 Mbit/s;11.44 Mbit/s;0.0 %;2.28 ms;PTT Metro de Sao Paulo - Nodo 2;;;;;
22/07/15 00:13;-;-;-;< 1 ms;-;-;0.67 %;2.2 ms;PTT Metro de Sao Paulo - Nodo 4;;;;;
21/07/15 23:13;986.75 kbit/s;12.65 Mbit/s;< 1 ms;< 1 ms;785.45 kbit/s;13.43 Mbit/s;2.08 %;2.48 ms;PTT Metro de Sao Paulo - Nodo 1;;;;;
21/07/15 22:14;2.47 Mbit/s;9.14 Mbit/s;< 1 ms;< 1 ms;2.17 Mbit/s;9.79 Mbit/s;0.67 %;2.33 ms;PTT Metro de Sao Paulo - Nodo 3;;;;;
21/07/15 21:13;5.33 Mbit/s;10.63 Mbit/s;< 1 ms;< 1 ms;4.92 Mbit/s;11.37 Mbit/s;1.36 %;2.3 ms;PTT Metro de Sao Paulo - Nodo 2;;;;;
21/07/15 20:13;14.85 Mbit/s;8.7 Mbit/s;< 1 ms;< 1 ms;15.25 Mbit/s;9.35 Mbit/s;0.67 %;2.28 ms;PTT Metro de Sao Paulo - Nodo 4;;;;;
21/07/15 19:13;12.86 Mbit/s;8.8 Mbit/s;< 1 ms;< 1 ms;13.58 Mbit/s;9.4 Mbit/s;0.68 %;2.4 ms;PTT Metro de Sao Paulo - Nodo 1;;;;;
21/07/15 18:13;14.23 Mbit/s;9.09 Mbit/s;< 1 ms;< 1 ms;15.28 Mbit/s;9.33 Mbit/s;0.0 %;2.51 ms;PTT Metro de Sao Paulo - Nodo 3;;;;;
21/07/15 17:13;19.07 Mbit/s;10.15 Mbit/s;< 1 ms;< 1 ms;20.29 Mbit/s;10.95 Mbit/s;0.67 %;3.51 ms;PTT Metro de Sao Paulo - Nodo 2;;;;;
21/07/15 16:13;14.37 Mbit/s;8.29 Mbit/s;< 1 ms;1.86 ms;15.02 Mbit/s;8.82 Mbit/s;0.67 %;5.94 ms;PTT Metro de Sao Paulo - Nodo 4;;;;;
21/07/15 15:13;14.62 Mbit/s;8.73 Mbit/s;< 1 ms;< 1 ms;15.74 Mbit/s;9.31 Mbit/s;1.37 %;6.78 ms;PTT Metro de Sao Paulo - Nodo 2;;;;;
21/07/15 11:13;18.3 Mbit/s;7.81 Mbit/s;< 1 ms;< 1 ms;19.56 Mbit/s;8.32 Mbit/s;2.07 %;5.87 ms;PTT Metro de Sao Paulo - Nodo 2 - PIX ALOG Tambore;;;;;
21/07/15 10:13;13.92 Mbit/s;5.81 Mbit/s;< 1 ms;< 1 ms;15.29 Mbit/s;6.16 Mbit/s;0.0 %;3.31 ms;PTT Metro de Sao Paulo - PIX ALOG Tambore;;;;;
21/07/15 09:13;17.88 Mbit/s;8.08 Mbit/s;< 1 ms;< 1 ms;19.29 Mbit/s;8.56 Mbit/s;0.0 %;2.3 ms;PTT Metro de Sao Paulo - Nodo 2;;;;;
21/07/15 08:13;16.07 Mbit/s;8.57 Mbit/s;< 1 ms;< 1 ms;17.71 Mbit/s;9.15 Mbit/s;0.0 %;2.21 ms;PTT Metro de Sao Paulo - Nodo 1;;;;;
21/07/15 07:13;8.99 Mbit/s;5.64 Mbit/s;< 1 ms;< 1 ms;9.58 Mbit/s;5.97 Mbit/s;0.67 %;2.48 ms;PTT Metro de Sao Paulo - Nodo 4;;;;;
21/07/15 05:13;14.09 Mbit/s;8.08 Mbit/s;< 1 ms;< 1 ms;15.4 Mbit/s;8.61 Mbit/s;0.0 %;2.31 ms;PTT Metro de Sao Paulo - Nodo 2;;;;;
21/07/15 04:13;17.6 Mbit/s;7.2 Mbit/s;< 1 ms;< 1 ms;19.3 Mbit/s;7.7 Mbit/s;0.0 %;2.32 ms;PTT Metro de Sao Paulo - Nodo 1;;;;;
21/07/15 03:13;20.25 Mbit/s;6.43 Mbit/s;7.06 ms;< 1 ms;20.84 Mbit/s;6.85 Mbit/s;0.0 %;2.36 ms;PTT Metro de Sao Paulo - Nodo 4;;;;;
21/07/15 02:13;18.99 Mbit/s;7.53 Mbit/s;< 1 ms;< 1 ms;20.75 Mbit/s;8.02 Mbit/s;0.0 %;2.28 ms;PTT Metro de Sao Paulo - Nodo 3;;;;;
21/07/15 00:13;19.39 Mbit/s;8.42 Mbit/s;< 1 ms;< 1 ms;21.34 Mbit/s;8.97 Mbit/s;0.0 %;2.28 ms;PTT Metro de Sao Paulo - Nodo 1;;;;;
20/07/15 23:13;16.73 Mbit/s;8.78 Mbit/s;< 1 ms;< 1 ms;18.41 Mbit/s;9.37 Mbit/s;0.67 %;2.31 ms;PTT Metro de Sao Paulo - Nodo 4;;;;;
20/07/15 22:13;19.1 Mbit/s;8.6 Mbit/s;< 1 ms;< 1 ms;20.86 Mbit/s;9.18 Mbit/s;0.0 %;2.34 ms;PTT Metro de Sao Paulo - Nodo 3;;;;;
20/07/15 21:14;15.46 Mbit/s;8.08 Mbit/s;< 1 ms;< 1 ms;16.57 Mbit/s;8.61 Mbit/s;0.0 %;2.25 ms;PTT Metro de Sao Paulo - Nodo 2;;;;;
20/07/15 20:13;12.57 Mbit/s;8.44 Mbit/s;< 1 ms;1.73 ms;13.68 Mbit/s;9.0 Mbit/s;0.0 %;2.26 ms;PTT Metro de Sao Paulo - Nodo 1;;;;;
20/07/15 19:13;15.11 Mbit/s;8.65 Mbit/s;< 1 ms;< 1 ms;16.12 Mbit/s;9.3 Mbit/s;0.0 %;2.89 ms;PTT Metro de Sao Paulo - Nodo 3 - PIX ALOG Tambore;;;;;
20/07/15 17:13;14.2 Mbit/s;11.63 Mbit/s;< 1 ms;< 1 ms;14.74 Mbit/s;11.47 Mbit/s;0.67 %;4.51 ms;PTT Metro de Sao Paulo - Nodo 1;;;;;
20/07/15 16:13;3.09 Mbit/s;8.94 Mbit/s;< 1 ms;< 1 ms;2.69 Mbit/s;9.47 Mbit/s;2.07 %;6.72 ms;PTT Metro de Sao Paulo - Nodo 4;;;;;
20/07/15 15:14;-;-;-;< 1 ms;-;-;5.93 %;7.84 ms;PTT Metro de Sao Paulo - Nodo 3 - PIX ALOG Tambore;;;;;
20/07/15 14:14;51.6 kbit/s;8.2 Mbit/s;< 1 ms;< 1 ms;-;8.8 Mbit/s;5.93 %;5.52 ms;PTT Metro de Sao Paulo - Nodo 2 - PIX ALOG Tambore;;;;;
20/07/15 13:13;18.41 Mbit/s;9.7 Mbit/s;< 1 ms;< 1 ms;19.68 Mbit/s;10.26 Mbit/s;0.0 %;3.53 ms;PTT Metro de Sao Paulo - PIX ALOG Tambore;;;;;
20/07/15 12:13;13.02 Mbit/s;10.89 Mbit/s;< 1 ms;< 1 ms;13.55 Mbit/s;9.78 Mbit/s;0.67 %;3.51 ms;PTT Metro de Sao Paulo - Nodo 4;;;;;
20/07/15 11:13;19.49 Mbit/s;7.14 Mbit/s;< 1 ms;< 1 ms;21.13 Mbit/s;7.47 Mbit/s;0.67 %;5.88 ms;PTT Metro de Sao Paulo - Nodo 2 - PIX ALOG Tambore;;;;;
20/07/15 10:13;14.55 Mbit/s;10.83 Mbit/s;< 1 ms;< 1 ms;15.88 Mbit/s;11.56 Mbit/s;0.0 %;2.4 ms;PTT Metro de Sao Paulo - Nodo 2;;;;;
20/07/15 09:13;970.95 kbit/s;8.9 Mbit/s;< 1 ms;< 1 ms;776.73 kbit/s;9.49 Mbit/s;2.8 %;2.5 ms;PTT Metro de Sao Paulo - Nodo 1;;;;;
20/07/15 08:13;19.51 Mbit/s;9.26 Mbit/s;< 1 ms;< 1 ms;21.46 Mbit/s;9.89 Mbit/s;0.0 %;2.25 ms;PTT Metro de Sao Paulo - Nodo 4;;;;;
20/07/15 07:13;22.62 Mbit/s;9.99 Mbit/s;1.47 ms;< 1 ms;24.81 Mbit/s;10.72 Mbit/s;0.0 %;2.21 ms;PTT Metro de Sao Paulo - Nodo 3;;;;;
20/07/15 06:13;15.16 Mbit/s;9.9 Mbit/s;< 1 ms;< 1 ms;16.59 Mbit/s;10.66 Mbit/s;0.0 %;2.17 ms;PTT Metro de Sao Paulo - Nodo 2;;;;;
20/07/15 03:13;27.3 Mbit/s;11.22 Mbit/s;< 1 ms;< 1 ms;29.17 Mbit/s;12.0 Mbit/s;0.0 %;2.77 ms;PTT Metro de Sao Paulo - Nodo 3 - PIX ALOG Tambore;;;;;
20/07/15 02:13;26.94 Mbit/s;13.05 Mbit/s;< 1 ms;< 1 ms;28.94 Mbit/s;13.94 Mbit/s;0.0 %;2.29 ms;PTT Metro de Sao Paulo - Nodo 2;;;;;
20/07/15 01:13;24.88 Mbit/s;12.34 Mbit/s;< 1 ms;< 1 ms;27.22 Mbit/s;13.19 Mbit/s;0.0 %;2.27 ms;PTT Metro de Sao Paulo - Nodo 1;;;;;
20/07/15 00:13;23.36 Mbit/s;13.25 Mbit/s;< 1 ms;< 1 ms;25.68 Mbit/s;14.16 Mbit/s;0.0 %;2.39 ms;PTT Metro de Sao Paulo - Nodo 4;;;;;
19/07/15 23:13;27.93 Mbit/s;13.17 Mbit/s;< 1 ms;< 1 ms;29.29 Mbit/s;14.06 Mbit/s;0.0 %;2.25 ms;PTT Metro de Sao Paulo - Nodo 3;;;;;
19/07/15 21:13;22.59 Mbit/s;13.49 Mbit/s;< 1 ms;< 1 ms;24.19 Mbit/s;14.39 Mbit/s;0.0 %;2.22 ms;PTT Metro de Sao Paulo - Nodo 1;;;;;
19/07/15 19:13;26.5 Mbit/s;11.3 Mbit/s;< 1 ms;3.27 ms;28.52 Mbit/s;12.02 Mbit/s;0.0 %;2.56 ms;PTT Metro de Sao Paulo - Nodo 3;;;;;
19/07/15 19:13;10.3 Mbit/s;2.02 Mbit/s;2.57 ms;< 1 ms;10.46 Mbit/s;1.95 Mbit/s;0.0 %;62.6 ms;PTT Metro de Curitiba;;;;;
19/07/15 17:13;10.25 Mbit/s;11.49 Mbit/s;< 1 ms;< 1 ms;10.03 Mbit/s;11.91 Mbit/s;0.0 %;2.33 ms;PTT Metro de Sao Paulo - Nodo 1;;;;;
19/07/15 16:13;146.38 kbit/s;11.5 Mbit/s;< 1 ms;< 1 ms;84.65 kbit/s;11.15 Mbit/s;1.36 %;2.46 ms;PTT Metro de Sao Paulo - Nodo 4;;;;;
19/07/15 15:14;-;-;-;< 1 ms;-;-;7.63 %;2.83 ms;PTT Metro de Sao Paulo - Nodo 3 - PIX ALOG Tambore;;;;;
19/07/15 14:13;782.45 kbit/s;9.68 Mbit/s;< 1 ms;< 1 ms;699.05 kbit/s;10.28 Mbit/s;1.36 %;2.75 ms;PTT Metro de Sao Paulo - Nodo 2 - PIX ALOG Tambore;;;;;
19/07/15 13:13;13.44 Mbit/s;10.72 Mbit/s;< 1 ms;< 1 ms;14.5 Mbit/s;11.3 Mbit/s;0.0 %;2.24 ms;PTT Metro de Sao Paulo - Nodo 4;;;;;
19/07/15 12:13;15.92 Mbit/s;9.86 Mbit/s;< 1 ms;< 1 ms;17.44 Mbit/s;10.53 Mbit/s;0.67 %;2.76 ms;PTT Metro de Sao Paulo - Nodo 3 - PIX ALOG Tambore;;;;;
19/07/15 11:13;18.2 Mbit/s;12.17 Mbit/s;< 1 ms;< 1 ms;19.92 Mbit/s;12.93 Mbit/s;0.0 %;2.76 ms;PTT Metro de Sao Paulo - Nodo 2 - PIX ALOG Tambore;;;;;
19/07/15 09:13;529.7 kbit/s;10.18 Mbit/s;< 1 ms;< 1 ms;373.53 kbit/s;10.83 Mbit/s;6.72 %;2.3 ms;PTT Metro de Sao Paulo - Nodo 4;;;;;
19/07/15 08:14;17.47 Mbit/s;10.07 Mbit/s;< 1 ms;< 1 ms;19.04 Mbit/s;10.76 Mbit/s;0.0 %;2.27 ms;PTT Metro de Sao Paulo - Nodo 3;;;;;
19/07/15 07:13;25.53 Mbit/s;9.71 Mbit/s;< 1 ms;< 1 ms;27.93 Mbit/s;10.39 Mbit/s;0.0 %;2.75 ms;PTT Metro de Sao Paulo - Nodo 2 - PIX ALOG Tambore;;;;;
19/07/15 06:13;15.62 Mbit/s;9.16 Mbit/s;< 1 ms;< 1 ms;17.12 Mbit/s;9.81 Mbit/s;0.0 %;2.25 ms;PTT Metro de Sao Paulo - Nodo 1;;;;;
19/07/15 05:13;18.19 Mbit/s;11.15 Mbit/s;< 1 ms;< 1 ms;20.02 Mbit/s;11.93 Mbit/s;0.0 %;2.25 ms;PTT Metro de Sao Paulo - Nodo 4;;;;;
19/07/15 03:13;17.59 Mbit/s;12.02 Mbit/s;< 1 ms;< 1 ms;19.24 Mbit/s;12.83 Mbit/s;0.0 %;2.33 ms;PTT Metro de Sao Paulo - Nodo 2;;;;;
19/07/15 02:13;16.36 Mbit/s;10.73 Mbit/s;< 1 ms;< 1 ms;17.8 Mbit/s;11.5 Mbit/s;0.0 %;2.77 ms;PTT Metro de Sao Paulo - PIX ALOG Tambore;;;;;
19/07/15 01:13;21.8 Mbit/s;11.14 Mbit/s;< 1 ms;< 1 ms;23.92 Mbit/s;11.45 Mbit/s;0.0 %;2.27 ms;PTT Metro de Sao Paulo - Nodo 4;;;;;
19/07/15 00:13;19.95 Mbit/s;12.18 Mbit/s;< 1 ms;< 1 ms;21.93 Mbit/s;12.97 Mbit/s;0.0 %;2.32 ms;PTT Metro de Sao Paulo - Nodo 3;;;;;
18/07/15 23:13;22.17 Mbit/s;10.87 Mbit/s;< 1 ms;< 1 ms;24.07 Mbit/s;11.61 Mbit/s;0.0 %;2.35 ms;PTT Metro de Sao Paulo - Nodo 2;;;;;
18/07/15 22:13;19.8 Mbit/s;11.07 Mbit/s;< 1 ms;< 1 ms;21.54 Mbit/s;11.82 Mbit/s;0.0 %;2.23 ms;PTT Metro de Sao Paulo - Nodo 1;;;;;
18/07/15 20:13;18.16 Mbit/s;11.82 Mbit/s;< 1 ms;< 1 ms;19.81 Mbit/s;12.63 Mbit/s;0.0 %;2.27 ms;PTT Metro de Sao Paulo - Nodo 3;;;;;
18/07/15 19:13;16.88 Mbit/s;13.22 Mbit/s;< 1 ms;< 1 ms;18.57 Mbit/s;14.13 Mbit/s;0.0 %;2.36 ms;PTT Metro de Sao Paulo - Nodo 2;;;;;
18/07/15 18:13;21.08 Mbit/s;12.09 Mbit/s;2.55 ms;< 1 ms;23.2 Mbit/s;12.9 Mbit/s;0.0 %;2.26 ms;PTT Metro de Sao Paulo - Nodo 1;;;;;
18/07/15 17:13;15.13 Mbit/s;9.83 Mbit/s;< 1 ms;< 1 ms;16.37 Mbit/s;10.44 Mbit/s;0.0 %;2.3 ms;PTT Metro de Sao Paulo - Nodo 4;;;;;
18/07/15 16:13;14.45 Mbit/s;8.27 Mbit/s;< 1 ms;< 1 ms;15.7 Mbit/s;8.88 Mbit/s;0.0 %;2.34 ms;PTT Metro de Sao Paulo - Nodo 1;;;;;
18/07/15 15:13;839.31 kbit/s;8.73 Mbit/s;< 1 ms;< 1 ms;608.29 kbit/s;9.38 Mbit/s;3.57 %;2.87 ms;PTT Metro de Sao Paulo - Nodo 3 - PIX ALOG Tambore;;;;;
18/07/15 14:14;1.41 Mbit/s;10.55 Mbit/s;< 1 ms;< 1 ms;1.16 Mbit/s;11.32 Mbit/s;5.84 %;2.9 ms;PTT Metro de Sao Paulo - PIX ALOG Tambore;;;;;
18/07/15 13:13;12.39 Mbit/s;7.26 Mbit/s;< 1 ms;< 1 ms;12.8 Mbit/s;7.75 Mbit/s;0.67 %;2.35 ms;PTT Metro de Sao Paulo - Nodo 4;;;;;
18/07/15 12:13;12.05 Mbit/s;8.5 Mbit/s;< 1 ms;< 1 ms;13.17 Mbit/s;9.04 Mbit/s;0.0 %;2.23 ms;PTT Metro de Sao Paulo - Nodo 3;;;;;
18/07/15 11:13;16.4 Mbit/s;11.01 Mbit/s;< 1 ms;< 1 ms;17.97 Mbit/s;11.73 Mbit/s;0.0 %;2.85 ms;PTT Metro de Sao Paulo - PIX ALOG Tambore;;;;;
18/07/15 10:13;18.47 Mbit/s;9.25 Mbit/s;< 1 ms;< 1 ms;19.94 Mbit/s;9.89 Mbit/s;0.0 %;2.2 ms;PTT Metro de Sao Paulo - Nodo 1;;;;;
18/07/15 09:13;4.25 Mbit/s;9.49 Mbit/s;< 1 ms;< 1 ms;3.89 Mbit/s;10.12 Mbit/s;1.36 %;2.26 ms;PTT Metro de Sao Paulo - Nodo 4;;;;;
18/07/15 08:13;22.3 Mbit/s;9.88 Mbit/s;< 1 ms;1.59 ms;24.24 Mbit/s;10.54 Mbit/s;0.0 %;2.15 ms;PTT Metro de Sao Paulo - Nodo 3;;;;;
18/07/15 07:13;16.13 Mbit/s;9.34 Mbit/s;< 1 ms;< 1 ms;17.63 Mbit/s;9.95 Mbit/s;0.0 %;2.71 ms;PTT Metro de Sao Paulo - Nodo 2 - PIX ALOG Tambore;;;;;
18/07/15 06:13;14.53 Mbit/s;9.45 Mbit/s;< 1 ms;< 1 ms;15.98 Mbit/s;10.06 Mbit/s;0.0 %;2.11 ms;PTT Metro de Sao Paulo - Nodo 1;;;;;
18/07/15 05:13;15.03 Mbit/s;9.06 Mbit/s;< 1 ms;< 1 ms;16.52 Mbit/s;9.69 Mbit/s;0.0 %;2.19 ms;PTT Metro de Sao Paulo - Nodo 4;;;;;
18/07/15 04:13;17.69 Mbit/s;9.72 Mbit/s;< 1 ms;< 1 ms;19.47 Mbit/s;10.37 Mbit/s;0.0 %;2.36 ms;PTT Metro de Sao Paulo - Nodo 3;;;;;
18/07/15 03:13;18.96 Mbit/s;10.29 Mbit/s;< 1 ms;< 1 ms;20.86 Mbit/s;10.93 Mbit/s;0.0 %;2.32 ms;PTT Metro de Sao Paulo - Nodo 2;;;;;
18/07/15 02:13;14.7 Mbit/s;9.48 Mbit/s;< 1 ms;< 1 ms;15.71 Mbit/s;10.11 Mbit/s;0.0 %;2.29 ms;PTT Metro de Sao Paulo - Nodo 1;;;;;
18/07/15 00:13;20.9 Mbit/s;9.87 Mbit/s;< 1 ms;< 1 ms;22.62 Mbit/s;10.51 Mbit/s;0.0 %;2.75 ms;PTT Metro de Sao Paulo - PIX ALOG Tambore;;;;;
17/07/15 23:13;17.23 Mbit/s;9.88 Mbit/s;< 1 ms;< 1 ms;18.87 Mbit/s;10.56 Mbit/s;0.0 %;2.31 ms;PTT Metro de Sao Paulo - Nodo 2;;;;;
17/07/15 22:13;14.81 Mbit/s;9.86 Mbit/s;< 1 ms;< 1 ms;16.22 Mbit/s;10.59 Mbit/s;0.0 %;2.23 ms;PTT Metro de Sao Paulo - Nodo 1;;;;;
17/07/15 21:13;17.65 Mbit/s;9.72 Mbit/s;< 1 ms;< 1 ms;19.39 Mbit/s;10.36 Mbit/s;0.0 %;2.29 ms;PTT Metro de Sao Paulo - Nodo 4;;;;;
17/07/15 20:13;21.13 Mbit/s;10.35 Mbit/s;< 1 ms;< 1 ms;22.23 Mbit/s;11.04 Mbit/s;0.0 %;2.32 ms;PTT Metro de Sao Paulo - Nodo 3;;;;;
17/07/15 18:13;16.67 Mbit/s;12.44 Mbit/s;< 1 ms;< 1 ms;18.18 Mbit/s;13.3 Mbit/s;0.0 %;2.58 ms;PTT Metro de Sao Paulo - Nodo 1;;;;;
17/07/15 17:13;23.04 Mbit/s;12.24 Mbit/s;< 1 ms;< 1 ms;24.8 Mbit/s;13.04 Mbit/s;0.0 %;2.47 ms;PTT Metro de Sao Paulo - Nodo 4;;;;;
17/07/15 16:14;6.15 Mbit/s;8.81 Mbit/s;1.85 ms;< 1 ms;5.85 Mbit/s;8.18 Mbit/s;4.32 %;7.24 ms;PTT Metro de Sao Paulo - Nodo 1;;;;;
17/07/15 15:14;1.64 Mbit/s;7.89 Mbit/s;< 1 ms;< 1 ms;1.4 Mbit/s;8.42 Mbit/s;2.07 %;7.42 ms;PTT Metro de Sao Paulo - PIX ALOG Tambore;;;;;
17/07/15 14:13;464.41 kbit/s;8.45 Mbit/s;< 1 ms;< 1 ms;294.98 kbit/s;9.03 Mbit/s;8.53 %;4.25 ms;PTT Metro de Sao Paulo - Nodo 1;;;;;
17/07/15 13:15;3.66 Mbit/s;7.96 Mbit/s;< 1 ms;< 1 ms;3.34 Mbit/s;8.49 Mbit/s;0.0 %;3.62 ms;PTT Metro de Sao Paulo - Nodo 2 - PIX ALOG Tambore;;;;;
17/07/15 12:14;6.97 Mbit/s;10.39 Mbit/s;< 1 ms;< 1 ms;6.72 Mbit/s;11.01 Mbit/s;0.67 %;4.26 ms;PTT Metro de Sao Paulo - Nodo 3;;;;;
17/07/15 11:13;12.96 Mbit/s;9.3 Mbit/s;< 1 ms;< 1 ms;13.48 Mbit/s;9.08 Mbit/s;1.36 %;5.08 ms;PTT Metro de Sao Paulo - Nodo 2;;;;;
17/07/15 08:13;15.18 Mbit/s;9.15 Mbit/s;< 1 ms;< 1 ms;16.68 Mbit/s;9.77 Mbit/s;0.0 %;3.0 ms;PTT Metro de Sao Paulo - Nodo 2 - PIX ALOG Tambore;;;;;
17/07/15 07:13;12.42 Mbit/s;9.42 Mbit/s;< 1 ms;< 1 ms;13.58 Mbit/s;10.13 Mbit/s;0.0 %;2.28 ms;PTT Metro de Sao Paulo - Nodo 2;;;;;
17/07/15 06:13;17.33 Mbit/s;9.87 Mbit/s;< 1 ms;5.88 ms;19.04 Mbit/s;10.54 Mbit/s;0.0 %;2.36 ms;PTT Metro de Sao Paulo - Nodo 1;;;;;
17/07/15 04:13;25.93 Mbit/s;10.07 Mbit/s;< 1 ms;< 1 ms;28.14 Mbit/s;10.3 Mbit/s;0.0 %;2.87 ms;PTT Metro de Sao Paulo - PIX ALOG Tambore;;;;;
17/07/15 03:13;22.54 Mbit/s;9.16 Mbit/s;< 1 ms;2.53 ms;24.71 Mbit/s;9.82 Mbit/s;0.0 %;2.83 ms;PTT Metro de Sao Paulo - Nodo 3 - PIX ALOG Tambore;;;;;
17/07/15 01:13;19.68 Mbit/s;9.22 Mbit/s;< 1 ms;1.08 ms;21.25 Mbit/s;9.85 Mbit/s;0.0 %;2.7 ms;PTT Metro de Sao Paulo - PIX ALOG Tambore;;;;;
17/07/15 00:13;19.94 Mbit/s;9.96 Mbit/s;< 1 ms;2.82 ms;21.73 Mbit/s;10.6 Mbit/s;0.0 %;2.27 ms;PTT Metro de Sao Paulo - Nodo 3;;;;;
16/07/15 21:13;19.13 Mbit/s;9.82 Mbit/s;< 1 ms;< 1 ms;20.69 Mbit/s;9.92 Mbit/s;0.0 %;2.33 ms;PTT Metro de Sao Paulo - Nodo 4;;;;;
16/07/15 20:13;17.42 Mbit/s;9.15 Mbit/s;< 1 ms;2.76 ms;18.58 Mbit/s;9.75 Mbit/s;0.0 %;2.28 ms;PTT Metro de Sao Paulo - Nodo 3;;;;;
16/07/15 19:13;16.31 Mbit/s;6.65 Mbit/s;< 1 ms;< 1 ms;17.95 Mbit/s;7.09 Mbit/s;0.0 %;2.25 ms;PTT Metro de Sao Paulo - Nodo 2;;;;;
16/07/15 18:13;15.77 Mbit/s;9.69 Mbit/s;< 1 ms;< 1 ms;16.74 Mbit/s;10.39 Mbit/s;0.0 %;2.34 ms;PTT Metro de Sao Paulo - Nodo 1;;;;;
16/07/15 17:13;13.11 Mbit/s;7.0 Mbit/s;< 1 ms;< 1 ms;14.2 Mbit/s;7.46 Mbit/s;0.67 %;6.29 ms;PTT Metro de Sao Paulo - Nodo 4;;;;;
16/07/15 16:13;17.35 Mbit/s;9.12 Mbit/s;< 1 ms;< 1 ms;18.47 Mbit/s;9.72 Mbit/s;0.0 %;5.2 ms;PTT Metro de Sao Paulo - Nodo 1;;;;;
16/07/15 15:13;873.01 kbit/s;9.3 Mbit/s;< 1 ms;< 1 ms;706.91 kbit/s;9.72 Mbit/s;4.35 %;7.55 ms;PTT Metro de Sao Paulo - Nodo 3 - PIX ALOG Tambore;;;;;
16/07/15 14:13;10.64 Mbit/s;7.22 Mbit/s;< 1 ms;< 1 ms;11.23 Mbit/s;7.69 Mbit/s;0.0 %;6.27 ms;PTT Metro de Sao Paulo - Nodo 1;;;;;
16/07/15 13:13;15.56 Mbit/s;9.1 Mbit/s;< 1 ms;2.44 ms;16.11 Mbit/s;9.67 Mbit/s;0.67 %;4.51 ms;PTT Metro de Sao Paulo - PIX ALOG Tambore;;;;;
16/07/15 11:13;14.0 Mbit/s;10.26 Mbit/s;< 1 ms;< 1 ms;15.12 Mbit/s;10.99 Mbit/s;2.8 %;6.39 ms;PTT Metro de Sao Paulo - Nodo 2;;;;;
16/07/15 10:13;12.0 Mbit/s;9.52 Mbit/s;< 1 ms;< 1 ms;12.01 Mbit/s;10.17 Mbit/s;0.67 %;4.29 ms;PTT Metro de Sao Paulo - PIX ALOG Tambore;;;;;
16/07/15 09:13;13.66 Mbit/s;9.7 Mbit/s;< 1 ms;< 1 ms;14.6 Mbit/s;10.41 Mbit/s;0.0 %;2.32 ms;PTT Metro de Sao Paulo - Nodo 3;;;;;
16/07/15 08:13;20.08 Mbit/s;9.04 Mbit/s;< 1 ms;< 1 ms;21.86 Mbit/s;9.61 Mbit/s;0.0 %;2.35 ms;PTT Metro de Sao Paulo - Nodo 4;;;;;
16/07/15 07:13;17.32 Mbit/s;10.44 Mbit/s;< 1 ms;< 1 ms;19.05 Mbit/s;11.16 Mbit/s;0.0 %;2.35 ms;PTT Metro de Sao Paulo - Nodo 2;;;;;
16/07/15 06:13;16.97 Mbit/s;8.77 Mbit/s;< 1 ms;< 1 ms;18.59 Mbit/s;9.36 Mbit/s;0.0 %;2.33 ms;PTT Metro de Sao Paulo - Nodo 1;;;;;
16/07/15 05:13;15.12 Mbit/s;9.87 Mbit/s;< 1 ms;< 1 ms;16.6 Mbit/s;10.51 Mbit/s;0.0 %;2.79 ms;PTT Metro de Sao Paulo - Nodo 3 - PIX ALOG Tambore;;;;;
16/07/15 04:13;19.06 Mbit/s;9.82 Mbit/s;< 1 ms;3.02 ms;20.88 Mbit/s;10.44 Mbit/s;0.0 %;2.23 ms;PTT Metro de Sao Paulo - Nodo 4;;;;;
16/07/15 03:13;19.01 Mbit/s;9.42 Mbit/s;< 1 ms;< 1 ms;20.82 Mbit/s;10.03 Mbit/s;0.0 %;2.42 ms;PTT Metro de Sao Paulo - Nodo 2;;;;;
16/07/15 00:13;20.11 Mbit/s;8.96 Mbit/s;< 1 ms;3.55 ms;21.93 Mbit/s;9.56 Mbit/s;0.0 %;2.18 ms;PTT Metro de Sao Paulo - Nodo 4;;;;;
15/07/15 23:13;16.28 Mbit/s;9.61 Mbit/s;< 1 ms;< 1 ms;17.85 Mbit/s;10.24 Mbit/s;0.0 %;2.43 ms;PTT Metro de Sao Paulo - Nodo 2;;;;;
15/07/15 22:13;12.47 Mbit/s;10.57 Mbit/s;< 1 ms;< 1 ms;13.47 Mbit/s;11.05 Mbit/s;0.0 %;2.22 ms;PTT Metro de Sao Paulo - Nodo 1;;;;;
15/07/15 21:13;20.12 Mbit/s;9.61 Mbit/s;< 1 ms;< 1 ms;22.04 Mbit/s;10.3 Mbit/s;0.0 %;2.27 ms;PTT Metro de Sao Paulo - Nodo 3;;;;;
15/07/15 20:13;20.38 Mbit/s;9.17 Mbit/s;< 1 ms;< 1 ms;22.14 Mbit/s;9.8 Mbit/s;0.0 %;2.29 ms;PTT Metro de Sao Paulo - Nodo 1;;;;;
15/07/15 18:13;19.61 Mbit/s;8.6 Mbit/s;< 1 ms;< 1 ms;21.5 Mbit/s;9.18 Mbit/s;0.67 %;2.34 ms;PTT Metro de Sao Paulo - Nodo 3;;;;;
15/07/15 17:13;12.21 Mbit/s;8.74 Mbit/s;< 1 ms;< 1 ms;13.03 Mbit/s;9.36 Mbit/s;1.36 %;4.79 ms;PTT Metro de Sao Paulo - Nodo 4;;;;;
15/07/15 16:13;8.75 Mbit/s;7.53 Mbit/s;< 1 ms;< 1 ms;8.72 Mbit/s;7.62 Mbit/s;3.55 %;6.49 ms;PTT Metro de Sao Paulo - Nodo 2;;;;;
15/07/15 15:13;14.34 Mbit/s;8.61 Mbit/s;< 1 ms;< 1 ms;15.51 Mbit/s;9.19 Mbit/s;0.0 %;3.32 ms;PTT Metro de Sao Paulo - Nodo 1;;;;;
15/07/15 14:13;15.89 Mbit/s;8.9 Mbit/s;< 1 ms;< 1 ms;17.14 Mbit/s;9.5 Mbit/s;0.0 %;5.58 ms;PTT Metro de Sao Paulo - Nodo 3 - PIX ALOG Tambore;;;;;
15/07/15 13:13;15.95 Mbit/s;10.36 Mbit/s;< 1 ms;< 1 ms;17.47 Mbit/s;10.83 Mbit/s;0.67 %;4.45 ms;PTT Metro de Sao Paulo - Nodo 2 - PIX ALOG Tambore;;;;;
15/07/15 12:13;17.89 Mbit/s;13.56 Mbit/s;< 1 ms;< 1 ms;19.57 Mbit/s;13.64 Mbit/s;0.67 %;4.67 ms;PTT Metro de Sao Paulo - Nodo 2;;;;;
15/07/15 11:13;14.36 Mbit/s;9.29 Mbit/s;< 1 ms;1.69 ms;15.51 Mbit/s;9.9 Mbit/s;1.36 %;5.24 ms;PTT Metro de Sao Paulo - Nodo 3 - PIX ALOG Tambore;;;;;
15/07/15 10:39;13.82 Mbit/s;8.37 Mbit/s;5.89 ms;< 1 ms;14.94 Mbit/s;8.99 Mbit/s;4.35 %;7.91 ms;PTT Metro de Sao Paulo - Nodo 3;;;;;
15/07/15 10:14;9.48 Mbit/s;9.83 Mbit/s;< 1 ms;< 1 ms;9.39 Mbit/s;10.5 Mbit/s;3.52 %;6.58 ms;PTT Metro de Sao Paulo - Nodo 3;;;;;
15/07/15 09:38;12.37 Mbit/s;9.0 Mbit/s;< 1 ms;< 1 ms;13.35 Mbit/s;9.67 Mbit/s;1.37 %;5.7 ms;PTT Metro de Sao Paulo - Nodo 4;;;;;
15/07/15 09:13;15.52 Mbit/s;7.68 Mbit/s;< 1 ms;< 1 ms;16.78 Mbit/s;8.29 Mbit/s;0.0 %;3.21 ms;PTT Metro de Sao Paulo - Nodo 4;;;;;
15/07/15 08:14;14.81 Mbit/s;8.82 Mbit/s;< 1 ms;< 1 ms;15.8 Mbit/s;9.47 Mbit/s;0.0 %;2.7 ms;PTT Metro de Sao Paulo - Nodo 2;;;;;
15/07/15 07:13;9.49 Mbit/s;8.29 Mbit/s;< 1 ms;< 1 ms;10.31 Mbit/s;8.85 Mbit/s;0.0 %;2.26 ms;PTT Metro de Sao Paulo - Nodo 1;;;;;
15/07/15 06:13;22.1 Mbit/s;8.34 Mbit/s;< 1 ms;< 1 ms;24.06 Mbit/s;8.93 Mbit/s;0.0 %;2.41 ms;PTT Metro de Sao Paulo - Nodo 3;;;;;
15/07/15 05:13;19.19 Mbit/s;8.73 Mbit/s;< 1 ms;< 1 ms;20.94 Mbit/s;9.37 Mbit/s;0.0 %;2.28 ms;PTT Metro de Sao Paulo - Nodo 4;;;;;
15/07/15 04:13;19.6 Mbit/s;11.55 Mbit/s;< 1 ms;< 1 ms;21.45 Mbit/s;12.37 Mbit/s;0.0 %;2.2 ms;PTT Metro de Sao Paulo - Nodo 2;;;;;
15/07/15 03:13;15.11 Mbit/s;8.3 Mbit/s;< 1 ms;< 1 ms;16.63 Mbit/s;8.92 Mbit/s;0.0 %;2.38 ms;PTT Metro de Sao Paulo - Nodo 1;;;;;
15/07/15 02:13;20.06 Mbit/s;7.62 Mbit/s;< 1 ms;< 1 ms;21.81 Mbit/s;8.17 Mbit/s;0.0 %;2.39 ms;PTT Metro de Sao Paulo - Nodo 3;;;;;
15/07/15 00:13;20.62 Mbit/s;12.46 Mbit/s;< 1 ms;< 1 ms;22.55 Mbit/s;13.32 Mbit/s;0.0 %;2.21 ms;PTT Metro de Sao Paulo - Nodo 2;;;;;
14/07/15 23:13;15.08 Mbit/s;9.45 Mbit/s;< 1 ms;3.59 ms;16.51 Mbit/s;10.11 Mbit/s;0.0 %;2.34 ms;PTT Metro de Sao Paulo - Nodo 1;;;;;
14/07/15 22:13;4.08 Mbit/s;2.79 Mbit/s;< 1 ms;< 1 ms;4.46 Mbit/s;2.97 Mbit/s;0.0 %;2.36 ms;PTT Metro de Sao Paulo - Nodo 3;;;;;
14/07/15 21:13;9.17 Mbit/s;6.58 Mbit/s;< 1 ms;1.04 ms;10.0 Mbit/s;6.84 Mbit/s;1.35 %;2.44 ms;PTT Metro de Sao Paulo - Nodo 4;;;;;
14/07/15 20:13;15.68 Mbit/s;9.17 Mbit/s;< 1 ms;< 1 ms;16.92 Mbit/s;9.8 Mbit/s;0.67 %;2.26 ms;PTT Metro de Sao Paulo - Nodo 3;;;;;
14/07/15 19:13;11.76 Mbit/s;8.58 Mbit/s;< 1 ms;< 1 ms;12.2 Mbit/s;9.17 Mbit/s;0.0 %;2.91 ms;PTT Metro de Sao Paulo - PIX ALOG Tambore;;;;;
14/07/15 18:13;10.11 Mbit/s;10.52 Mbit/s;< 1 ms;< 1 ms;9.93 Mbit/s;11.24 Mbit/s;0.0 %;2.78 ms;PTT Metro de Sao Paulo - Nodo 3 - PIX ALOG Tambore;;;;;
14/07/15 17:13;10.16 Mbit/s;6.82 Mbit/s;< 1 ms;< 1 ms;10.66 Mbit/s;7.29 Mbit/s;0.0 %;5.13 ms;PTT Metro de Sao Paulo - Nodo 3;;;;;
14/07/15 16:13;12.81 Mbit/s;8.58 Mbit/s;< 1 ms;< 1 ms;13.5 Mbit/s;9.09 Mbit/s;5.88 %;6.46 ms;PTT Metro de Sao Paulo - Nodo 1;;;;;
14/07/15 15:13;12.92 Mbit/s;11.77 Mbit/s;< 1 ms;< 1 ms;13.71 Mbit/s;11.24 Mbit/s;2.8 %;6.84 ms;PTT Metro de Sao Paulo - Nodo 4;;;;;
14/07/15 14:13;15.06 Mbit/s;11.33 Mbit/s;< 1 ms;< 1 ms;16.29 Mbit/s;12.1 Mbit/s;0.0 %;6.84 ms;PTT Metro de Sao Paulo - Nodo 2 - PIX ALOG Tambore;;;;;
14/07/15 13:13;12.15 Mbit/s;8.79 Mbit/s;< 1 ms;< 1 ms;13.27 Mbit/s;9.37 Mbit/s;0.0 %;3.36 ms;PTT Metro de Sao Paulo - Nodo 3;;;;;
14/07/15 12:13;15.12 Mbit/s;9.52 Mbit/s;< 1 ms;< 1 ms;16.45 Mbit/s;10.18 Mbit/s;0.0 %;2.69 ms;PTT Metro de Sao Paulo - Nodo 1;;;;;
14/07/15 11:13;14.82 Mbit/s;12.04 Mbit/s;< 1 ms;< 1 ms;15.84 Mbit/s;11.56 Mbit/s;2.8 %;4.32 ms;PTT Metro de Sao Paulo - Nodo 4;;;;;
14/07/15 10:13;16.38 Mbit/s;11.06 Mbit/s;< 1 ms;< 1 ms;17.94 Mbit/s;11.87 Mbit/s;0.0 %;2.94 ms;PTT Metro de Sao Paulo - PIX ALOG Tambore;;;;;
14/07/15 09:13;16.56 Mbit/s;10.25 Mbit/s;< 1 ms;< 1 ms;18.19 Mbit/s;10.86 Mbit/s;0.0 %;2.34 ms;PTT Metro de Sao Paulo - Nodo 3;;;;;
14/07/15 08:13;14.15 Mbit/s;9.49 Mbit/s;< 1 ms;< 1 ms;15.24 Mbit/s;10.09 Mbit/s;0.0 %;2.53 ms;PTT Metro de Sao Paulo - Nodo 1;;;;;
14/07/15 07:13;10.76 Mbit/s;9.94 Mbit/s;< 1 ms;< 1 ms;11.8 Mbit/s;10.19 Mbit/s;0.0 %;2.23 ms;PTT Metro de Sao Paulo - Nodo 4;;;;;
14/07/15 06:13;13.81 Mbit/s;9.03 Mbit/s;< 1 ms;< 1 ms;15.17 Mbit/s;9.64 Mbit/s;0.0 %;2.21 ms;PTT Metro de Sao Paulo - Nodo 2;;;;;
14/07/15 05:13;22.92 Mbit/s;9.05 Mbit/s;< 1 ms;< 1 ms;25.03 Mbit/s;9.64 Mbit/s;0.0 %;2.84 ms;PTT Metro de Sao Paulo - PIX ALOG Tambore;;;;;
14/07/15 04:13;14.72 Mbit/s;8.8 Mbit/s;< 1 ms;< 1 ms;16.23 Mbit/s;8.39 Mbit/s;0.0 %;2.3 ms;PTT Metro de Sao Paulo - Nodo 1;;;;;
14/07/15 03:13;15.09 Mbit/s;7.4 Mbit/s;< 1 ms;< 1 ms;16.55 Mbit/s;7.91 Mbit/s;0.0 %;2.44 ms;PTT Metro de Sao Paulo - Nodo 4;;;;;
14/07/15 02:13;14.17 Mbit/s;7.6 Mbit/s;< 1 ms;< 1 ms;15.48 Mbit/s;8.11 Mbit/s;0.0 %;2.31 ms;PTT Metro de Sao Paulo - Nodo 2;;;;;
14/07/15 01:13;21.24 Mbit/s;11.53 Mbit/s;< 1 ms;< 1 ms;23.14 Mbit/s;12.32 Mbit/s;0.0 %;2.26 ms;PTT Metro de Sao Paulo - Nodo 3;;;;;
14/07/15 00:13;17.94 Mbit/s;9.63 Mbit/s;< 1 ms;< 1 ms;19.55 Mbit/s;10.28 Mbit/s;0.0 %;2.16 ms;PTT Metro de Sao Paulo - Nodo 1;;;;;
13/07/15 23:13;15.22 Mbit/s;10.03 Mbit/s;< 1 ms;< 1 ms;16.64 Mbit/s;10.72 Mbit/s;0.0 %;2.18 ms;PTT Metro de Sao Paulo - Nodo 3;;;;;
13/07/15 22:13;13.55 Mbit/s;11.7 Mbit/s;< 1 ms;< 1 ms;14.7 Mbit/s;12.5 Mbit/s;0.0 %;2.22 ms;PTT Metro de Sao Paulo - Nodo 2;;;;;
13/07/15 21:13;16.99 Mbit/s;10.01 Mbit/s;< 1 ms;< 1 ms;18.53 Mbit/s;10.67 Mbit/s;0.0 %;2.82 ms;PTT Metro de Sao Paulo - Nodo 2 - PIX ALOG Tambore;;;;;
13/07/15 20:13;14.44 Mbit/s;8.99 Mbit/s;< 1 ms;< 1 ms;15.37 Mbit/s;9.58 Mbit/s;0.67 %;2.44 ms;PTT Metro de Sao Paulo - Nodo 4;;;;;
13/07/15 19:13;13.94 Mbit/s;9.53 Mbit/s;< 1 ms;< 1 ms;14.94 Mbit/s;10.22 Mbit/s;0.0 %;2.22 ms;PTT Metro de Sao Paulo - Nodo 3;;;;;
13/07/15 18:13;12.33 Mbit/s;9.8 Mbit/s;< 1 ms;< 1 ms;12.58 Mbit/s;10.5 Mbit/s;0.67 %;2.38 ms;PTT Metro de Sao Paulo - Nodo 2;;;;;
13/07/15 17:13;12.77 Mbit/s;9.16 Mbit/s;< 1 ms;1.89 ms;13.58 Mbit/s;9.77 Mbit/s;0.0 %;3.02 ms;PTT Metro de Sao Paulo - Nodo 1;;;;;
13/07/15 15:13;13.93 Mbit/s;10.36 Mbit/s;< 1 ms;< 1 ms;14.87 Mbit/s;11.02 Mbit/s;1.37 %;6.27 ms;PTT Metro de Sao Paulo - Nodo 3;;;;;
13/07/15 14:13;16.22 Mbit/s;11.2 Mbit/s;< 1 ms;< 1 ms;17.65 Mbit/s;11.98 Mbit/s;1.36 %;5.45 ms;PTT Metro de Sao Paulo - Nodo 2;;;;;
13/07/15 13:13;15.46 Mbit/s;12.19 Mbit/s;< 1 ms;< 1 ms;16.74 Mbit/s;12.36 Mbit/s;0.0 %;3.74 ms;PTT Metro de Sao Paulo - Nodo 3 - PIX ALOG Tambore;;;;;
13/07/15 12:13;14.81 Mbit/s;11.52 Mbit/s;< 1 ms;< 1 ms;15.6 Mbit/s;12.31 Mbit/s;0.67 %;4.11 ms;PTT Metro de Sao Paulo - Nodo 4;;;;;
13/07/15 11:13;18.07 Mbit/s;12.9 Mbit/s;< 1 ms;< 1 ms;19.5 Mbit/s;13.78 Mbit/s;2.8 %;5.51 ms;PTT Metro de Sao Paulo - Nodo 3;;;;;
13/07/15 10:13;16.95 Mbit/s;11.87 Mbit/s;< 1 ms;< 1 ms;18.37 Mbit/s;12.7 Mbit/s;0.0 %;4.17 ms;PTT Metro de Sao Paulo - Nodo 2;;;;;
13/07/15 09:13;19.32 Mbit/s;10.38 Mbit/s;< 1 ms;< 1 ms;21.05 Mbit/s;11.08 Mbit/s;0.67 %;2.49 ms;PTT Metro de Sao Paulo - Nodo 1;;;;;
13/07/15 08:13;27.81 Mbit/s;13.1 Mbit/s;< 1 ms;< 1 ms;29.25 Mbit/s;14.01 Mbit/s;0.0 %;2.23 ms;PTT Metro de Sao Paulo - Nodo 4;;;;;
13/07/15 06:13;16.32 Mbit/s;11.71 Mbit/s;< 1 ms;< 1 ms;17.7 Mbit/s;12.34 Mbit/s;0.0 %;2.24 ms;PTT Metro de Sao Paulo - Nodo 2;;;;;
13/07/15 05:13;21.6 Mbit/s;13.44 Mbit/s;< 1 ms;< 1 ms;23.65 Mbit/s;11.32 Mbit/s;0.0 %;2.73 ms;PTT Metro de Sao Paulo - Nodo 2 - PIX ALOG Tambore;;;;;
13/07/15 04:13;27.19 Mbit/s;10.24 Mbit/s;< 1 ms;< 1 ms;29.14 Mbit/s;10.92 Mbit/s;0.0 %;2.2 ms;PTT Metro de Sao Paulo - Nodo 4;;;;;
13/07/15 03:13;23.11 Mbit/s;13.26 Mbit/s;< 1 ms;< 1 ms;25.25 Mbit/s;14.16 Mbit/s;0.0 %;2.24 ms;PTT Metro de Sao Paulo - Nodo 3;;;;;
13/07/15 02:13;23.8 Mbit/s;10.47 Mbit/s;< 1 ms;< 1 ms;25.87 Mbit/s;11.2 Mbit/s;0.0 %;2.46 ms;PTT Metro de Sao Paulo - Nodo 2;;;;;
13/07/15 01:13;19.17 Mbit/s;11.13 Mbit/s;< 1 ms;< 1 ms;20.69 Mbit/s;11.89 Mbit/s;0.0 %;2.33 ms;PTT Metro de Sao Paulo - Nodo 1;;;;;
13/07/15 00:13;18.59 Mbit/s;13.07 Mbit/s;< 1 ms;< 1 ms;20.27 Mbit/s;13.95 Mbit/s;0.0 %;2.3 ms;PTT Metro de Sao Paulo - Nodo 4;;;;;
12/07/15 23:13;19.41 Mbit/s;10.22 Mbit/s;< 1 ms;< 1 ms;21.05 Mbit/s;10.92 Mbit/s;0.0 %;2.17 ms;PTT Metro de Sao Paulo - Nodo 1;;;;;
12/07/15 22:13;13.67 Mbit/s;7.67 Mbit/s;< 1 ms;< 1 ms;14.94 Mbit/s;8.19 Mbit/s;0.0 %;2.3 ms;PTT Metro de Sao Paulo - Nodo 2;;;;;
12/07/15 21:13;14.6 Mbit/s;8.87 Mbit/s;< 1 ms;< 1 ms;15.94 Mbit/s;9.46 Mbit/s;0.0 %;2.25 ms;PTT Metro de Sao Paulo - Nodo 1;;;;;
12/07/15 20:13;19.32 Mbit/s;10.59 Mbit/s;< 1 ms;< 1 ms;21.26 Mbit/s;11.32 Mbit/s;0.0 %;2.36 ms;PTT Metro de Sao Paulo - Nodo 4;;;;;
12/07/15 19:13;19.49 Mbit/s;12.54 Mbit/s;< 1 ms;< 1 ms;21.28 Mbit/s;13.39 Mbit/s;0.0 %;2.32 ms;PTT Metro de Sao Paulo - Nodo 3;;;;;
12/07/15 18:13;20.2 Mbit/s;13.06 Mbit/s;1.06 ms;< 1 ms;21.76 Mbit/s;13.94 Mbit/s;0.67 %;2.28 ms;PTT Metro de Sao Paulo - Nodo 2;;;;;
12/07/15 17:13;18.5 Mbit/s;11.21 Mbit/s;< 1 ms;< 1 ms;20.07 Mbit/s;10.81 Mbit/s;0.0 %;2.34 ms;PTT Metro de Sao Paulo - Nodo 1;;;;;
12/07/15 16:13;17.44 Mbit/s;8.8 Mbit/s;< 1 ms;< 1 ms;18.77 Mbit/s;9.31 Mbit/s;0.0 %;2.82 ms;PTT Metro de Sao Paulo - PIX ALOG Tambore;;;;;
12/07/15 15:13;13.01 Mbit/s;9.73 Mbit/s;< 1 ms;< 1 ms;14.12 Mbit/s;10.33 Mbit/s;0.0 %;2.71 ms;PTT Metro de Sao Paulo - Nodo 3 - PIX ALOG Tambore;;;;;
12/07/15 14:13;18.29 Mbit/s;11.15 Mbit/s;< 1 ms;< 1 ms;19.83 Mbit/s;11.91 Mbit/s;0.0 %;2.45 ms;PTT Metro de Sao Paulo - Nodo 2;;;;;
12/07/15 13:13;13.91 Mbit/s;10.18 Mbit/s;< 1 ms;< 1 ms;14.72 Mbit/s;10.59 Mbit/s;0.0 %;2.74 ms;PTT Metro de Sao Paulo - PIX ALOG Tambore;;;;;
12/07/15 12:13;15.76 Mbit/s;12.06 Mbit/s;< 1 ms;< 1 ms;17.16 Mbit/s;11.25 Mbit/s;0.0 %;2.37 ms;PTT Metro de Sao Paulo - Nodo 4;;;;;
12/07/15 11:13;18.05 Mbit/s;9.16 Mbit/s;< 1 ms;< 1 ms;19.81 Mbit/s;9.76 Mbit/s;0.0 %;2.51 ms;PTT Metro de Sao Paulo - Nodo 3;;;;;
12/07/15 10:13;21.56 Mbit/s;13.38 Mbit/s;< 1 ms;< 1 ms;23.7 Mbit/s;14.25 Mbit/s;0.0 %;2.24 ms;PTT Metro de Sao Paulo - Nodo 2;;;;;
12/07/15 09:13;21.76 Mbit/s;12.65 Mbit/s;< 1 ms;< 1 ms;23.88 Mbit/s;12.95 Mbit/s;0.0 %;2.76 ms;PTT Metro de Sao Paulo - Nodo 3 - PIX ALOG Tambore;;;;;
12/07/15 08:13;27.92 Mbit/s;9.15 Mbit/s;< 1 ms;< 1 ms;29.54 Mbit/s;9.76 Mbit/s;0.0 %;2.18 ms;PTT Metro de Sao Paulo - Nodo 4;;;;;
12/07/15 06:13;22.19 Mbit/s;13.15 Mbit/s;< 1 ms;< 1 ms;24.45 Mbit/s;14.07 Mbit/s;0.0 %;2.26 ms;PTT Metro de Sao Paulo - Nodo 2;;;;;
12/07/15 05:13;19.16 Mbit/s;14.07 Mbit/s;< 1 ms;< 1 ms;21.08 Mbit/s;15.06 Mbit/s;0.67 %;2.43 ms;PTT Metro de Sao Paulo - Nodo 1;;;;;
12/07/15 04:13;23.95 Mbit/s;15.18 Mbit/s;< 1 ms;< 1 ms;26.26 Mbit/s;16.25 Mbit/s;0.0 %;2.42 ms;PTT Metro de Sao Paulo - Nodo 4;;;;;
12/07/15 03:13;20.21 Mbit/s;14.32 Mbit/s;< 1 ms;< 1 ms;22.12 Mbit/s;15.25 Mbit/s;0.0 %;2.25 ms;PTT Metro de Sao Paulo - Nodo 3;;;;;
12/07/15 02:13;23.23 Mbit/s;14.56 Mbit/s;< 1 ms;< 1 ms;25.37 Mbit/s;15.52 Mbit/s;0.0 %;2.69 ms;PTT Metro de Sao Paulo - Nodo 3 - PIX ALOG Tambore;;;;;
12/07/15 01:13;14.47 Mbit/s;13.84 Mbit/s;< 1 ms;< 1 ms;15.78 Mbit/s;14.17 Mbit/s;0.0 %;2.27 ms;PTT Metro de Sao Paulo - Nodo 1;;;;;
12/07/15 00:13;19.29 Mbit/s;13.15 Mbit/s;< 1 ms;< 1 ms;21.1 Mbit/s;14.06 Mbit/s;0.0 %;2.22 ms;PTT Metro de Sao Paulo - Nodo 4;;;;;
11/07/15 23:13;23.7 Mbit/s;13.05 Mbit/s;< 1 ms;< 1 ms;26.01 Mbit/s;13.78 Mbit/s;0.0 %;2.28 ms;PTT Metro de Sao Paulo - Nodo 1;;;;;
11/07/15 22:13;24.04 Mbit/s;13.48 Mbit/s;< 1 ms;< 1 ms;26.1 Mbit/s;14.39 Mbit/s;0.0 %;2.22 ms;PTT Metro de Sao Paulo - Nodo 3;;;;;
11/07/15 21:13;17.17 Mbit/s;13.94 Mbit/s;< 1 ms;< 1 ms;18.75 Mbit/s;14.9 Mbit/s;0.0 %;2.46 ms;PTT Metro de Sao Paulo - Nodo 2;;;;;
11/07/15 20:41;8.41 Mbit/s;475.44 kbit/s;< 1 ms;< 1 ms;8.19 Mbit/s;429.93 kbit/s;1.36 %;19.82 ms;PTT Metro de Curitiba;;;;;
11/07/15 20:13;20.39 Mbit/s;14.58 Mbit/s;< 1 ms;< 1 ms;22.39 Mbit/s;15.52 Mbit/s;0.0 %;2.82 ms;PTT Metro de Sao Paulo - Nodo 3 - PIX ALOG Tambore;;;;;
11/07/15 19:13;19.4 Mbit/s;14.14 Mbit/s;< 1 ms;< 1 ms;21.24 Mbit/s;15.05 Mbit/s;0.0 %;2.79 ms;PTT Metro de Sao Paulo - PIX ALOG Tambore;;;;;
11/07/15 18:13;19.78 Mbit/s;14.53 Mbit/s;< 1 ms;< 1 ms;21.68 Mbit/s;15.47 Mbit/s;0.0 %;2.33 ms;PTT Metro de Sao Paulo - Nodo 3;;;;;
11/07/15 17:13;18.66 Mbit/s;7.35 Mbit/s;1.07 ms;< 1 ms;20.46 Mbit/s;7.86 Mbit/s;0.0 %;37.09 ms;PTT Metro de Sao Paulo - Nodo 2;;;;;
11/07/15 16:13;13.74 Mbit/s;12.66 Mbit/s;3.92 ms;< 1 ms;14.91 Mbit/s;9.35 Mbit/s;0.0 %;26.64 ms;PTT Metro de Sao Paulo - PIX ALOG Tambore;;;;;
11/07/15 15:13;20.6 Mbit/s;14.18 Mbit/s;< 1 ms;< 1 ms;22.53 Mbit/s;15.1 Mbit/s;0.0 %;2.22 ms;PTT Metro de Sao Paulo - Nodo 4;;;;;
11/07/15 14:13;13.85 Mbit/s;9.35 Mbit/s;< 1 ms;< 1 ms;15.12 Mbit/s;9.96 Mbit/s;0.0 %;2.33 ms;PTT Metro de Sao Paulo - Nodo 3;;;;;
11/07/15 13:13;20.71 Mbit/s;9.09 Mbit/s;< 1 ms;< 1 ms;22.83 Mbit/s;9.68 Mbit/s;0.0 %;2.26 ms;PTT Metro de Sao Paulo - Nodo 2;;;;;
11/07/15 12:13;12.58 Mbit/s;8.38 Mbit/s;< 1 ms;2.99 ms;13.81 Mbit/s;8.85 Mbit/s;0.0 %;2.39 ms;PTT Metro de Sao Paulo - Nodo 1;;;;;
11/07/15 11:13;14.81 Mbit/s;9.39 Mbit/s;< 1 ms;< 1 ms;16.16 Mbit/s;9.7 Mbit/s;0.0 %;2.25 ms;PTT Metro de Sao Paulo - Nodo 4;;;;;
11/07/15 10:13;20.41 Mbit/s;9.66 Mbit/s;< 1 ms;< 1 ms;22.41 Mbit/s;9.92 Mbit/s;0.0 %;2.71 ms;PTT Metro de Sao Paulo - Nodo 2 - PIX ALOG Tambore;;;;;
11/07/15 09:13;19.74 Mbit/s;8.42 Mbit/s;< 1 ms;< 1 ms;21.19 Mbit/s;9.02 Mbit/s;0.0 %;2.25 ms;PTT Metro de Sao Paulo - Nodo 2;;;;;
11/07/15 08:13;16.18 Mbit/s;13.77 Mbit/s;< 1 ms;< 1 ms;17.39 Mbit/s;14.56 Mbit/s;0.0 %;2.81 ms;PTT Metro de Sao Paulo - PIX ALOG Tambore;;;;;
11/07/15 06:13;19.96 Mbit/s;14.4 Mbit/s;< 1 ms;< 1 ms;21.81 Mbit/s;15.37 Mbit/s;0.0 %;2.32 ms;PTT Metro de Sao Paulo - Nodo 1;;;;;
11/07/15 05:13;17.65 Mbit/s;13.55 Mbit/s;< 1 ms;< 1 ms;19.25 Mbit/s;14.45 Mbit/s;0.0 %;2.23 ms;PTT Metro de Sao Paulo - Nodo 2;;;;;
11/07/15 04:13;15.46 Mbit/s;12.44 Mbit/s;< 1 ms;< 1 ms;16.99 Mbit/s;13.22 Mbit/s;0.0 %;2.08 ms;PTT Metro de Sao Paulo - Nodo 1;;;;;
11/07/15 03:13;13.2 Mbit/s;9.59 Mbit/s;< 1 ms;< 1 ms;14.34 Mbit/s;8.52 Mbit/s;0.0 %;2.35 ms;PTT Metro de Sao Paulo - Nodo 4;;;;;
11/07/15 02:13;21.42 Mbit/s;12.97 Mbit/s;< 1 ms;< 1 ms;23.5 Mbit/s;13.84 Mbit/s;0.0 %;2.35 ms;PTT Metro de Sao Paulo - Nodo 3;;;;;
11/07/15 01:13;20.25 Mbit/s;10.32 Mbit/s;< 1 ms;< 1 ms;22.22 Mbit/s;11.05 Mbit/s;0.0 %;2.26 ms;PTT Metro de Sao Paulo - Nodo 2;;;;;
11/07/15 00:13;11.14 Mbit/s;11.57 Mbit/s;18.6 ms;< 1 ms;12.27 Mbit/s;7.4 Mbit/s;0.0 %;12.85 ms;PTT Metro de Sao Paulo - Nodo 3 - PIX ALOG Tambore;;;;;
10/07/15 23:13;23.33 Mbit/s;10.98 Mbit/s;< 1 ms;< 1 ms;25.39 Mbit/s;11.78 Mbit/s;0.0 %;2.84 ms;PTT Metro de Sao Paulo - PIX ALOG Tambore;;;;;
10/07/15 22:13;16.77 Mbit/s;12.1 Mbit/s;< 1 ms;< 1 ms;18.4 Mbit/s;12.91 Mbit/s;0.0 %;2.4 ms;PTT Metro de Sao Paulo - Nodo 3;;;;;
10/07/15 21:13;15.41 Mbit/s;11.92 Mbit/s;< 1 ms;8.85 ms;16.91 Mbit/s;12.77 Mbit/s;0.0 %;2.92 ms;PTT Metro de Sao Paulo - Nodo 3 - PIX ALOG Tambore;;;;;
10/07/15 20:13;14.37 Mbit/s;13.02 Mbit/s;< 1 ms;< 1 ms;15.63 Mbit/s;13.94 Mbit/s;0.0 %;2.17 ms;PTT Metro de Sao Paulo - Nodo 1;;;;;
10/07/15 19:13;18.38 Mbit/s;13.36 Mbit/s;< 1 ms;< 1 ms;20.17 Mbit/s;14.3 Mbit/s;0.0 %;2.3 ms;PTT Metro de Sao Paulo - Nodo 4;;;;;
10/07/15 18:13;18.3 Mbit/s;13.5 Mbit/s;< 1 ms;< 1 ms;20.01 Mbit/s;13.74 Mbit/s;0.0 %;2.61 ms;PTT Metro de Sao Paulo - Nodo 3;;;;;
10/07/15 17:13;17.41 Mbit/s;11.82 Mbit/s;< 1 ms;< 1 ms;18.88 Mbit/s;3.11 Mbit/s;0.0 %;2.33 ms;PTT Metro de Sao Paulo - Nodo 2;;;;;
10/07/15 16:13;19.95 Mbit/s;11.41 Mbit/s;< 1 ms;< 1 ms;21.3 Mbit/s;12.15 Mbit/s;0.0 %;3.12 ms;PTT Metro de Sao Paulo - Nodo 2 - PIX ALOG Tambore;;;;;
10/07/15 15:13;14.41 Mbit/s;11.77 Mbit/s;< 1 ms;< 1 ms;15.39 Mbit/s;11.51 Mbit/s;0.0 %;2.82 ms;PTT Metro de Sao Paulo - Nodo 4;;;;;
10/07/15 14:13;20.52 Mbit/s;13.15 Mbit/s;< 1 ms;< 1 ms;22.38 Mbit/s;13.85 Mbit/s;0.0 %;2.33 ms;PTT Metro de Sao Paulo - Nodo 3;;;;;
10/07/15 12:13;20.08 Mbit/s;12.7 Mbit/s;< 1 ms;< 1 ms;22.09 Mbit/s;13.53 Mbit/s;0.0 %;2.86 ms;PTT Metro de Sao Paulo - Nodo 3 - PIX ALOG Tambore;;;;;
10/07/15 11:38;4.09 Mbit/s;2.54 Mbit/s;< 1 ms;< 1 ms;3.98 Mbit/s;2.29 Mbit/s;0.0 %;12.82 ms;PTT Metro de Florianopolis;;;;;
10/07/15 11:13;21.23 Mbit/s;12.49 Mbit/s;< 1 ms;< 1 ms;22.94 Mbit/s;13.35 Mbit/s;0.0 %;2.84 ms;PTT Metro de Sao Paulo - PIX ALOG Tambore;;;;;
10/07/15 10:13;20.42 Mbit/s;10.25 Mbit/s;< 1 ms;< 1 ms;22.32 Mbit/s;10.98 Mbit/s;0.0 %;2.32 ms;PTT Metro de Sao Paulo - Nodo 3;;;;;
10/07/15 09:13;16.44 Mbit/s;12.86 Mbit/s;< 1 ms;1.32 ms;17.97 Mbit/s;13.61 Mbit/s;0.0 %;2.14 ms;PTT Metro de Sao Paulo - Nodo 2;;;;;
10/07/15 08:13;15.83 Mbit/s;10.35 Mbit/s;< 1 ms;< 1 ms;17.2 Mbit/s;11.12 Mbit/s;0.0 %;2.4 ms;PTT Metro de Sao Paulo - Nodo 1;;;;;
10/07/15 07:13;16.69 Mbit/s;11.45 Mbit/s;< 1 ms;1.94 ms;18.26 Mbit/s;11.44 Mbit/s;0.0 %;2.25 ms;PTT Metro de Sao Paulo - Nodo 4;;;;;
10/07/15 06:14;16.19 Mbit/s;9.5 Mbit/s;< 1 ms;< 1 ms;17.53 Mbit/s;10.13 Mbit/s;0.0 %;2.31 ms;PTT Metro de Sao Paulo - Nodo 1;;;;;
10/07/15 05:13;17.66 Mbit/s;9.6 Mbit/s;< 1 ms;< 1 ms;19.41 Mbit/s;10.18 Mbit/s;0.0 %;2.16 ms;PTT Metro de Sao Paulo - Nodo 1;;;;;
10/07/15 04:13;19.69 Mbit/s;9.65 Mbit/s;< 1 ms;< 1 ms;21.59 Mbit/s;10.3 Mbit/s;0.0 %;2.17 ms;PTT Metro de Sao Paulo - Nodo 2;;;;;
10/07/15 03:13;20.68 Mbit/s;8.76 Mbit/s;< 1 ms;< 1 ms;22.8 Mbit/s;9.37 Mbit/s;0.0 %;2.27 ms;PTT Metro de Sao Paulo - Nodo 3;;;;;
10/07/15 02:13;16.78 Mbit/s;11.75 Mbit/s;< 1 ms;< 1 ms;18.43 Mbit/s;12.5 Mbit/s;0.0 %;2.33 ms;PTT Metro de Sao Paulo - Nodo 4;;;;;
10/07/15 01:13;17.7 Mbit/s;11.73 Mbit/s;< 1 ms;< 1 ms;19.18 Mbit/s;12.51 Mbit/s;0.0 %;2.25 ms;PTT Metro de Sao Paulo - Nodo 1;;;;;
10/07/15 00:13;19.69 Mbit/s;11.26 Mbit/s;< 1 ms;< 1 ms;21.61 Mbit/s;12.02 Mbit/s;0.0 %;2.4 ms;PTT Metro de Sao Paulo - Nodo 2;;;;;
09/07/15 23:13;20.33 Mbit/s;11.58 Mbit/s;< 1 ms;< 1 ms;22.26 Mbit/s;11.84 Mbit/s;0.0 %;2.32 ms;PTT Metro de Sao Paulo - Nodo 3;;;;;
09/07/15 22:13;20.94 Mbit/s;12.61 Mbit/s;< 1 ms;< 1 ms;22.88 Mbit/s;13.43 Mbit/s;0.0 %;2.32 ms;PTT Metro de Sao Paulo - Nodo 4;;;;;
09/07/15 21:13;15.06 Mbit/s;11.25 Mbit/s;< 1 ms;5.14 ms;16.44 Mbit/s;12.13 Mbit/s;0.0 %;3.1 ms;PTT Metro de Sao Paulo - PIX ALOG Tambore;;;;;
09/07/15 20:13;21.23 Mbit/s;12.88 Mbit/s;< 1 ms;< 1 ms;23.4 Mbit/s;12.0 Mbit/s;0.0 %;2.19 ms;PTT Metro de Sao Paulo - Nodo 2;;;;;
09/07/15 19:13;23.0 Mbit/s;10.76 Mbit/s;< 1 ms;< 1 ms;25.13 Mbit/s;11.02 Mbit/s;0.0 %;2.36 ms;PTT Metro de Sao Paulo - Nodo 3;;;;;
09/07/15 17:13;14.84 Mbit/s;12.73 Mbit/s;< 1 ms;< 1 ms;16.08 Mbit/s;12.16 Mbit/s;0.0 %;3.2 ms;PTT Metro de Sao Paulo - Nodo 3 - PIX ALOG Tambore;;;;;
09/07/15 16:13;18.37 Mbit/s;10.22 Mbit/s;< 1 ms;< 1 ms;19.88 Mbit/s;10.95 Mbit/s;0.0 %;2.27 ms;PTT Metro de Sao Paulo - Nodo 2;;;;;
09/07/15 15:13;16.26 Mbit/s;7.82 Mbit/s;< 1 ms;< 1 ms;17.57 Mbit/s;8.31 Mbit/s;0.0 %;2.41 ms;PTT Metro de Sao Paulo - Nodo 3;;;;;
09/07/15 14:13;15.22 Mbit/s;9.67 Mbit/s;< 1 ms;< 1 ms;16.42 Mbit/s;10.35 Mbit/s;0.0 %;2.36 ms;PTT Metro de Sao Paulo - Nodo 4;;;;;
09/07/15 13:13;18.38 Mbit/s;10.87 Mbit/s;< 1 ms;< 1 ms;20.01 Mbit/s;11.52 Mbit/s;0.0 %;2.32 ms;PTT Metro de Sao Paulo - Nodo 1;;;;;
09/07/15 12:13;16.54 Mbit/s;9.07 Mbit/s;< 1 ms;< 1 ms;17.85 Mbit/s;9.72 Mbit/s;0.0 %;2.92 ms;PTT Metro de Sao Paulo - PIX ALOG Tambore;;;;;
09/07/15 11:13;18.28 Mbit/s;9.77 Mbit/s;< 1 ms;< 1 ms;20.03 Mbit/s;10.38 Mbit/s;0.0 %;2.73 ms;PTT Metro de Sao Paulo - Nodo 3 - PIX ALOG Tambore;;;;;
09/07/15 10:13;19.96 Mbit/s;10.79 Mbit/s;< 1 ms;< 1 ms;21.71 Mbit/s;11.5 Mbit/s;0.0 %;2.31 ms;PTT Metro de Sao Paulo - Nodo 4;;;;;
09/07/15 07:13;19.36 Mbit/s;10.5 Mbit/s;< 1 ms;< 1 ms;21.18 Mbit/s;10.82 Mbit/s;0.0 %;2.38 ms;PTT Metro de Sao Paulo - Nodo 3;;;;;
09/07/15 06:13;19.43 Mbit/s;12.55 Mbit/s;< 1 ms;< 1 ms;21.23 Mbit/s;12.14 Mbit/s;0.0 %;2.41 ms;PTT Metro de Sao Paulo - Nodo 2;;;;;
09/07/15 05:13;16.17 Mbit/s;10.54 Mbit/s;< 1 ms;< 1 ms;17.68 Mbit/s;8.73 Mbit/s;0.0 %;2.23 ms;PTT Metro de Sao Paulo - Nodo 1;;;;;
09/07/15 04:13;17.76 Mbit/s;10.91 Mbit/s;< 1 ms;< 1 ms;19.52 Mbit/s;11.51 Mbit/s;0.0 %;2.33 ms;PTT Metro de Sao Paulo - Nodo 4;;;;;
09/07/15 03:14;14.35 Mbit/s;10.03 Mbit/s;< 1 ms;< 1 ms;15.75 Mbit/s;10.21 Mbit/s;0.0 %;2.38 ms;PTT Metro de Sao Paulo - Nodo 3;;;;;
09/07/15 02:13;13.38 Mbit/s;10.37 Mbit/s;< 1 ms;< 1 ms;14.63 Mbit/s;10.71 Mbit/s;0.0 %;2.34 ms;PTT Metro de Sao Paulo - Nodo 2;;;;;
09/07/15 01:13;18.51 Mbit/s;9.37 Mbit/s;< 1 ms;< 1 ms;20.29 Mbit/s;9.92 Mbit/s;0.0 %;2.31 ms;PTT Metro de Sao Paulo - Nodo 1;;;;;
09/07/15 00:13;22.24 Mbit/s;9.5 Mbit/s;< 1 ms;< 1 ms;24.44 Mbit/s;9.98 Mbit/s;0.0 %;2.36 ms;PTT Metro de Sao Paulo - Nodo 4;;;;;
08/07/15 23:13;17.52 Mbit/s;12.71 Mbit/s;< 1 ms;< 1 ms;19.3 Mbit/s;9.86 Mbit/s;0.0 %;2.58 ms;PTT Metro de Sao Paulo - Nodo 3;;;;;
08/07/15 22:13;15.76 Mbit/s;9.48 Mbit/s;< 1 ms;< 1 ms;17.29 Mbit/s;10.0 Mbit/s;0.0 %;2.2 ms;PTT Metro de Sao Paulo - Nodo 2;;;;;
08/07/15 21:13;16.78 Mbit/s;10.14 Mbit/s;< 1 ms;< 1 ms;18.36 Mbit/s;10.35 Mbit/s;0.0 %;2.31 ms;PTT Metro de Sao Paulo - Nodo 1;;;;;
08/07/15 20:13;18.14 Mbit/s;11.91 Mbit/s;< 1 ms;< 1 ms;19.85 Mbit/s;11.61 Mbit/s;0.0 %;2.21 ms;PTT Metro de Sao Paulo - Nodo 4;;;;;
08/07/15 19:13;19.83 Mbit/s;9.18 Mbit/s;< 1 ms;1.2 ms;21.76 Mbit/s;9.82 Mbit/s;0.0 %;2.21 ms;PTT Metro de Sao Paulo - Nodo 3;;;;;
08/07/15 18:13;13.54 Mbit/s;9.2 Mbit/s;< 1 ms;< 1 ms;14.73 Mbit/s;9.71 Mbit/s;0.0 %;2.4 ms;PTT Metro de Sao Paulo - Nodo 2;;;;;
08/07/15 17:13;17.22 Mbit/s;11.96 Mbit/s;1.09 ms;< 1 ms;18.78 Mbit/s;11.03 Mbit/s;0.0 %;4.88 ms;PTT Metro de Sao Paulo - Nodo 1;;;;;
08/07/15 16:13;17.34 Mbit/s;9.15 Mbit/s;< 1 ms;< 1 ms;18.22 Mbit/s;9.69 Mbit/s;4.32 %;7.42 ms;PTT Metro de Sao Paulo - Nodo 2 - PIX ALOG Tambore;;;;;
08/07/15 15:13;13.26 Mbit/s;11.56 Mbit/s;< 1 ms;< 1 ms;13.74 Mbit/s;12.39 Mbit/s;4.32 %;7.8 ms;PTT Metro de Sao Paulo - PIX ALOG Tambore;;;;;
08/07/15 14:13;15.4 Mbit/s;11.11 Mbit/s;< 1 ms;< 1 ms;16.66 Mbit/s;11.26 Mbit/s;2.07 %;5.11 ms;PTT Metro de Sao Paulo - Nodo 2;;;;;
08/07/15 12:13;17.74 Mbit/s;12.46 Mbit/s;< 1 ms;< 1 ms;19.35 Mbit/s;12.55 Mbit/s;0.67 %;3.75 ms;PTT Metro de Sao Paulo - Nodo 3 - PIX ALOG Tambore;;;;;
08/07/15 11:13;13.56 Mbit/s;9.98 Mbit/s;< 1 ms;< 1 ms;14.82 Mbit/s;10.57 Mbit/s;2.07 %;6.07 ms;PTT Metro de Sao Paulo - Nodo 2 - PIX ALOG Tambore;;;;;
08/07/15 10:13;18.1 Mbit/s;9.02 Mbit/s;< 1 ms;< 1 ms;19.73 Mbit/s;9.61 Mbit/s;0.0 %;2.98 ms;PTT Metro de Sao Paulo - Nodo 2;;;;;
08/07/15 09:13;16.02 Mbit/s;9.63 Mbit/s;< 1 ms;< 1 ms;17.6 Mbit/s;10.17 Mbit/s;0.0 %;2.5 ms;PTT Metro de Sao Paulo - Nodo 1;;;;;
08/07/15 08:13;17.41 Mbit/s;7.7 Mbit/s;< 1 ms;11.23 ms;19.14 Mbit/s;8.27 Mbit/s;0.0 %;2.27 ms;PTT Metro de Sao Paulo - Nodo 4;;;;;
08/07/15 07:13;20.74 Mbit/s;7.62 Mbit/s;< 1 ms;< 1 ms;21.33 Mbit/s;8.12 Mbit/s;0.0 %;2.31 ms;PTT Metro de Sao Paulo - Nodo 3;;;;;
08/07/15 06:13;21.02 Mbit/s;8.68 Mbit/s;< 1 ms;< 1 ms;23.09 Mbit/s;9.35 Mbit/s;0.0 %;2.3 ms;PTT Metro de Sao Paulo - Nodo 2;;;;;
08/07/15 05:13;20.29 Mbit/s;12.08 Mbit/s;< 1 ms;< 1 ms;22.12 Mbit/s;12.91 Mbit/s;0.0 %;2.81 ms;PTT Metro de Sao Paulo - Nodo 2 - PIX ALOG Tambore;;;;;
08/07/15 04:13;19.63 Mbit/s;11.12 Mbit/s;< 1 ms;< 1 ms;21.48 Mbit/s;11.88 Mbit/s;0.0 %;2.16 ms;PTT Metro de Sao Paulo - Nodo 4;;;;;
08/07/15 02:13;15.89 Mbit/s;9.75 Mbit/s;< 1 ms;< 1 ms;17.51 Mbit/s;10.26 Mbit/s;0.0 %;2.24 ms;PTT Metro de Sao Paulo - Nodo 2;;;;;
08/07/15 01:13;16.11 Mbit/s;9.28 Mbit/s;< 1 ms;< 1 ms;17.61 Mbit/s;9.9 Mbit/s;0.0 %;2.2 ms;PTT Metro de Sao Paulo - Nodo 1;;;;;
08/07/15 00:13;16.16 Mbit/s;11.15 Mbit/s;< 1 ms;< 1 ms;17.77 Mbit/s;11.91 Mbit/s;0.0 %;2.27 ms;PTT Metro de Sao Paulo - Nodo 4;;;;;
07/07/15 23:13;25.07 Mbit/s;12.68 Mbit/s;< 1 ms;< 1 ms;27.36 Mbit/s;13.54 Mbit/s;0.0 %;2.16 ms;PTT Metro de Sao Paulo - Nodo 3;;;;;
07/07/15 22:13;19.92 Mbit/s;12.48 Mbit/s;< 1 ms;< 1 ms;21.87 Mbit/s;13.34 Mbit/s;0.0 %;2.27 ms;PTT Metro de Sao Paulo - Nodo 2;;;;;
07/07/15 21:13;18.61 Mbit/s;12.91 Mbit/s;< 1 ms;< 1 ms;20.42 Mbit/s;13.79 Mbit/s;0.67 %;2.34 ms;PTT Metro de Sao Paulo - Nodo 1;;;;;
07/07/15 20:16;18.47 Mbit/s;10.4 Mbit/s;2.7 ms;< 1 ms;20.21 Mbit/s;11.13 Mbit/s;0.0 %;2.81 ms;PTT Metro de Sao Paulo - Nodo 2 - PIX ALOG Tambore;;;;;
07/07/15 19:13;19.62 Mbit/s;9.13 Mbit/s;2.2 ms;< 1 ms;21.41 Mbit/s;9.76 Mbit/s;0.0 %;2.31 ms;PTT Metro de Sao Paulo - Nodo 3;;;;;
07/07/15 18:13;21.6 Mbit/s;8.5 Mbit/s;< 1 ms;< 1 ms;23.33 Mbit/s;9.06 Mbit/s;0.0 %;2.29 ms;PTT Metro de Sao Paulo - Nodo 2;;;;;
07/07/15 17:14;18.56 Mbit/s;13.56 Mbit/s;< 1 ms;< 1 ms;20.29 Mbit/s;13.68 Mbit/s;2.07 %;4.1 ms;PTT Metro de Sao Paulo - Nodo 2 - PIX ALOG Tambore;;;;;
07/07/15 15:14;13.11 Mbit/s;9.38 Mbit/s;< 1 ms;< 1 ms;13.33 Mbit/s;9.78 Mbit/s;8.46 %;7.56 ms;PTT Metro de Sao Paulo - Nodo 3 - PIX ALOG Tambore;;;;;
07/07/15 14:14;14.92 Mbit/s;8.65 Mbit/s;< 1 ms;< 1 ms;16.0 Mbit/s;9.21 Mbit/s;4.29 %;6.85 ms;PTT Metro de Sao Paulo - Nodo 2;;;;;
07/07/15 13:13;12.94 Mbit/s;8.84 Mbit/s;< 1 ms;< 1 ms;14.11 Mbit/s;9.04 Mbit/s;2.07 %;4.95 ms;PTT Metro de Sao Paulo - Nodo 1;;;;;
07/07/15 12:13;17.05 Mbit/s;9.23 Mbit/s;< 1 ms;< 1 ms;18.67 Mbit/s;9.84 Mbit/s;0.0 %;3.43 ms;PTT Metro de Sao Paulo - Nodo 2 - PIX ALOG Tambore;;;;;
07/07/15 11:13;19.16 Mbit/s;8.38 Mbit/s;< 1 ms;< 1 ms;20.51 Mbit/s;8.92 Mbit/s;0.67 %;4.23 ms;PTT Metro de Sao Paulo - Nodo 1;;;;;
07/07/15 10:13;15.64 Mbit/s;6.3 Mbit/s;< 1 ms;1.43 ms;17.13 Mbit/s;6.74 Mbit/s;0.67 %;5.14 ms;PTT Metro de Sao Paulo - Nodo 2;;;;;
07/07/15 09:13;13.52 Mbit/s;9.89 Mbit/s;< 1 ms;< 1 ms;14.84 Mbit/s;10.58 Mbit/s;0.0 %;3.01 ms;PTT Metro de Sao Paulo - Nodo 2 - PIX ALOG Tambore;;;;;
07/07/15 08:14;15.5 Mbit/s;8.96 Mbit/s;< 1 ms;< 1 ms;16.92 Mbit/s;9.35 Mbit/s;0.0 %;2.21 ms;PTT Metro de Sao Paulo - Nodo 4;;;;;
07/07/15 07:13;22.73 Mbit/s;9.57 Mbit/s;< 1 ms;< 1 ms;24.89 Mbit/s;10.13 Mbit/s;0.0 %;2.15 ms;PTT Metro de Sao Paulo - Nodo 3;;;;;
07/07/15 06:13;16.16 Mbit/s;9.87 Mbit/s;< 1 ms;< 1 ms;17.72 Mbit/s;10.54 Mbit/s;0.0 %;2.24 ms;PTT Metro de Sao Paulo - Nodo 2;;;;;
07/07/15 05:13;10.34 Mbit/s;9.57 Mbit/s;< 1 ms;< 1 ms;11.39 Mbit/s;10.22 Mbit/s;0.0 %;2.35 ms;PTT Metro de Sao Paulo - Nodo 1;;;;;
07/07/15 04:13;23.41 Mbit/s;9.59 Mbit/s;< 1 ms;< 1 ms;25.7 Mbit/s;9.99 Mbit/s;0.0 %;2.28 ms;PTT Metro de Sao Paulo - Nodo 4;;;;;
07/07/15 03:13;18.54 Mbit/s;9.32 Mbit/s;< 1 ms;< 1 ms;20.45 Mbit/s;9.92 Mbit/s;0.0 %;2.26 ms;PTT Metro de Sao Paulo - Nodo 3;;;;;
07/07/15 02:13;22.0 Mbit/s;9.82 Mbit/s;< 1 ms;1.13 ms;24.25 Mbit/s;10.44 Mbit/s;0.0 %;2.24 ms;PTT Metro de Sao Paulo - Nodo 2;;;;;
07/07/15 01:13;18.76 Mbit/s;9.45 Mbit/s;< 1 ms;< 1 ms;20.67 Mbit/s;9.62 Mbit/s;0.0 %;2.82 ms;PTT Metro de Sao Paulo - PIX ALOG Tambore;;;;;
07/07/15 00:13;22.54 Mbit/s;8.29 Mbit/s;< 1 ms;< 1 ms;24.76 Mbit/s;8.81 Mbit/s;0.0 %;2.31 ms;PTT Metro de Sao Paulo - Nodo 4;;;;;
06/07/15 23:13;23.52 Mbit/s;9.59 Mbit/s;< 1 ms;< 1 ms;25.7 Mbit/s;10.21 Mbit/s;0.0 %;2.31 ms;PTT Metro de Sao Paulo - Nodo 3;;;;;
06/07/15 22:14;14.58 Mbit/s;9.76 Mbit/s;< 1 ms;< 1 ms;15.93 Mbit/s;10.47 Mbit/s;0.0 %;2.37 ms;PTT Metro de Sao Paulo - Nodo 2;;;;;
06/07/15 21:14;20.64 Mbit/s;9.32 Mbit/s;< 1 ms;< 1 ms;22.3 Mbit/s;9.89 Mbit/s;0.0 %;2.32 ms;PTT Metro de Sao Paulo - Nodo 1;;;;;
06/07/15 20:13;20.71 Mbit/s;9.47 Mbit/s;< 1 ms;< 1 ms;22.55 Mbit/s;10.05 Mbit/s;0.0 %;2.38 ms;PTT Metro de Sao Paulo - Nodo 4;;;;;
06/07/15 19:13;13.52 Mbit/s;9.11 Mbit/s;< 1 ms;< 1 ms;14.74 Mbit/s;9.72 Mbit/s;0.67 %;2.31 ms;PTT Metro de Sao Paulo - Nodo 3;;;;;
06/07/15 18:13;20.29 Mbit/s;7.82 Mbit/s;< 1 ms;< 1 ms;21.98 Mbit/s;8.03 Mbit/s;0.0 %;3.06 ms;PTT Metro de Sao Paulo - Nodo 2 - PIX ALOG Tambore;;;;;
06/07/15 17:13;17.65 Mbit/s;8.23 Mbit/s;< 1 ms;< 1 ms;18.98 Mbit/s;8.76 Mbit/s;1.36 %;6.43 ms;PTT Metro de Sao Paulo - Nodo 1;;;;;
06/07/15 16:14;15.98 Mbit/s;7.11 Mbit/s;3.55 ms;< 1 ms;17.01 Mbit/s;7.5 Mbit/s;3.57 %;7.12 ms;PTT Metro de Sao Paulo - Nodo 4;;;;;
06/07/15 15:13;11.23 Mbit/s;5.75 Mbit/s;< 1 ms;< 1 ms;12.03 Mbit/s;3.89 Mbit/s;8.59 %;8.19 ms;PTT Metro de Sao Paulo - Nodo 3 - PIX ALOG Tambore;;;;;
06/07/15 14:14;14.29 Mbit/s;7.59 Mbit/s;< 1 ms;< 1 ms;15.27 Mbit/s;8.11 Mbit/s;1.36 %;4.82 ms;PTT Metro de Sao Paulo - Nodo 2;;;;;
06/07/15 13:13;17.14 Mbit/s;8.65 Mbit/s;1.21 ms;< 1 ms;18.61 Mbit/s;9.2 Mbit/s;0.0 %;4.21 ms;PTT Metro de Sao Paulo - Nodo 1;;;;;
06/07/15 12:13;18.12 Mbit/s;10.67 Mbit/s;< 1 ms;< 1 ms;19.82 Mbit/s;11.29 Mbit/s;0.0 %;3.02 ms;PTT Metro de Sao Paulo - Nodo 4;;;;;
06/07/15 11:14;21.23 Mbit/s;10.59 Mbit/s;< 1 ms;< 1 ms;22.75 Mbit/s;11.27 Mbit/s;0.67 %;5.36 ms;PTT Metro de Sao Paulo - Nodo 1;;;;;
06/07/15 10:13;17.29 Mbit/s;9.39 Mbit/s;< 1 ms;< 1 ms;18.78 Mbit/s;9.99 Mbit/s;0.67 %;3.31 ms;PTT Metro de Sao Paulo - Nodo 3;;;;;
06/07/15 09:14;19.92 Mbit/s;11.01 Mbit/s;< 1 ms;1.05 ms;21.66 Mbit/s;11.88 Mbit/s;0.0 %;2.31 ms;PTT Metro de Sao Paulo - Nodo 4;;;;;
06/07/15 08:13;24.01 Mbit/s;14.02 Mbit/s;< 1 ms;< 1 ms;25.78 Mbit/s;14.96 Mbit/s;0.0 %;2.18 ms;PTT Metro de Sao Paulo - Nodo 1;;;;;
06/07/15 07:13;24.8 Mbit/s;12.3 Mbit/s;< 1 ms;< 1 ms;26.94 Mbit/s;13.16 Mbit/s;0.0 %;2.33 ms;PTT Metro de Sao Paulo - Nodo 2;;;;;
06/07/15 06:13;21.87 Mbit/s;11.12 Mbit/s;< 1 ms;< 1 ms;24.0 Mbit/s;11.91 Mbit/s;0.0 %;2.37 ms;PTT Metro de Sao Paulo - Nodo 3;;;;;
06/07/15 05:13;18.81 Mbit/s;12.38 Mbit/s;< 1 ms;< 1 ms;20.42 Mbit/s;13.28 Mbit/s;0.0 %;2.25 ms;PTT Metro de Sao Paulo - Nodo 4;;;;;
06/07/15 04:13;23.5 Mbit/s;13.74 Mbit/s;< 1 ms;< 1 ms;25.87 Mbit/s;14.69 Mbit/s;0.0 %;2.77 ms;PTT Metro de Sao Paulo - PIX ALOG Tambore;;;;;
06/07/15 03:13;23.98 Mbit/s;12.59 Mbit/s;< 1 ms;< 1 ms;26.39 Mbit/s;13.42 Mbit/s;0.0 %;2.32 ms;PTT Metro de Sao Paulo - Nodo 2;;;;;
06/07/15 02:13;18.64 Mbit/s;12.86 Mbit/s;< 1 ms;< 1 ms;20.52 Mbit/s;13.74 Mbit/s;0.0 %;2.32 ms;PTT Metro de Sao Paulo - Nodo 3;;;;;
06/07/15 01:13;18.75 Mbit/s;12.07 Mbit/s;< 1 ms;< 1 ms;20.47 Mbit/s;12.88 Mbit/s;0.0 %;2.19 ms;PTT Metro de Sao Paulo - Nodo 4;;;;;
06/07/15 00:13;20.54 Mbit/s;12.18 Mbit/s;< 1 ms;< 1 ms;22.41 Mbit/s;13.02 Mbit/s;0.0 %;2.19 ms;PTT Metro de Sao Paulo - Nodo 1;;;;;
05/07/15 23:13;25.39 Mbit/s;12.46 Mbit/s;< 1 ms;< 1 ms;27.63 Mbit/s;13.33 Mbit/s;0.0 %;2.28 ms;PTT Metro de Sao Paulo - Nodo 2;;;;;
05/07/15 22:13;25.56 Mbit/s;13.13 Mbit/s;< 1 ms;< 1 ms;27.63 Mbit/s;14.04 Mbit/s;0.0 %;2.22 ms;PTT Metro de Sao Paulo - Nodo 3;;;;;
05/07/15 21:13;26.5 Mbit/s;13.25 Mbit/s;< 1 ms;< 1 ms;28.52 Mbit/s;14.15 Mbit/s;0.0 %;2.66 ms;PTT Metro de Sao Paulo - Nodo 3 - PIX ALOG Tambore;;;;;
05/07/15 20:13;21.66 Mbit/s;12.35 Mbit/s;< 1 ms;< 1 ms;23.83 Mbit/s;13.25 Mbit/s;0.0 %;2.18 ms;PTT Metro de Sao Paulo - Nodo 1;;;;;
05/07/15 19:13;18.17 Mbit/s;13.54 Mbit/s;< 1 ms;< 1 ms;19.93 Mbit/s;14.2 Mbit/s;0.0 %;2.31 ms;PTT Metro de Sao Paulo - Nodo 2;;;;;
05/07/15 18:13;23.75 Mbit/s;15.17 Mbit/s;< 1 ms;< 1 ms;26.07 Mbit/s;15.95 Mbit/s;0.0 %;2.25 ms;PTT Metro de Sao Paulo - Nodo 3;;;;;
05/07/15 17:13;18.94 Mbit/s;12.49 Mbit/s;< 1 ms;< 1 ms;20.85 Mbit/s;13.33 Mbit/s;0.0 %;2.28 ms;PTT Metro de Sao Paulo - Nodo 4;;;;;
05/07/15 16:13;18.96 Mbit/s;14.15 Mbit/s;< 1 ms;< 1 ms;20.85 Mbit/s;14.78 Mbit/s;0.0 %;2.31 ms;PTT Metro de Sao Paulo - Nodo 1;;;;;
05/07/15 15:13;17.91 Mbit/s;12.29 Mbit/s;< 1 ms;< 1 ms;19.7 Mbit/s;13.1 Mbit/s;0.0 %;2.39 ms;PTT Metro de Sao Paulo - Nodo 2;;;;;
05/07/15 14:14;20.92 Mbit/s;12.85 Mbit/s;< 1 ms;< 1 ms;22.95 Mbit/s;13.48 Mbit/s;0.0 %;2.35 ms;PTT Metro de Sao Paulo - Nodo 3;;;;;
05/07/15 13:13;24.16 Mbit/s;13.01 Mbit/s;< 1 ms;< 1 ms;26.52 Mbit/s;13.9 Mbit/s;0.0 %;2.28 ms;PTT Metro de Sao Paulo - Nodo 4;;;;;
05/07/15 12:13;19.9 Mbit/s;12.74 Mbit/s;< 1 ms;< 1 ms;21.46 Mbit/s;13.57 Mbit/s;0.0 %;2.25 ms;PTT Metro de Sao Paulo - Nodo 1;;;;;
05/07/15 11:13;25.0 Mbit/s;12.19 Mbit/s;< 1 ms;< 1 ms;27.34 Mbit/s;13.02 Mbit/s;0.0 %;2.71 ms;PTT Metro de Sao Paulo - Nodo 2 - PIX ALOG Tambore;;;;;
05/07/15 10:13;17.33 Mbit/s;11.17 Mbit/s;< 1 ms;< 1 ms;18.76 Mbit/s;11.88 Mbit/s;0.0 %;2.33 ms;PTT Metro de Sao Paulo - Nodo 4;;;;;
05/07/15 09:13;18.3 Mbit/s;11.77 Mbit/s;< 1 ms;< 1 ms;20.07 Mbit/s;12.6 Mbit/s;0.0 %;2.29 ms;PTT Metro de Sao Paulo - Nodo 2;;;;;
05/07/15 08:13;22.43 Mbit/s;14.07 Mbit/s;< 1 ms;< 1 ms;24.66 Mbit/s;14.78 Mbit/s;0.0 %;2.23 ms;PTT Metro de Sao Paulo - Nodo 3;;;;;
05/07/15 07:13;18.07 Mbit/s;13.18 Mbit/s;< 1 ms;< 1 ms;19.83 Mbit/s;14.1 Mbit/s;0.0 %;2.35 ms;PTT Metro de Sao Paulo - Nodo 1;;;;;
05/07/15 06:13;22.92 Mbit/s;12.24 Mbit/s;< 1 ms;< 1 ms;25.26 Mbit/s;13.06 Mbit/s;0.0 %;2.75 ms;PTT Metro de Sao Paulo - Nodo 3 - PIX ALOG Tambore;;;;;
05/07/15 02:13;20.79 Mbit/s;11.2 Mbit/s;< 1 ms;< 1 ms;22.92 Mbit/s;11.98 Mbit/s;0.0 %;2.9 ms;PTT Metro de Sao Paulo - Nodo 2 - PIX ALOG Tambore;;;;;
05/07/15 02:13;489.69 kbit/s;329.54 kbit/s;3.11 ms;< 1 ms;489.6 kbit/s;355.35 kbit/s;0.0 %;60.39 ms;PTT Metro de Sao Paulo - Nodo 1;;;;;
05/07/15 01:13;27.12 Mbit/s;13.14 Mbit/s;< 1 ms;< 1 ms;29.08 Mbit/s;13.33 Mbit/s;0.0 %;2.26 ms;PTT Metro de Sao Paulo - Nodo 2;;;;;
05/07/15 00:13;20.04 Mbit/s;12.9 Mbit/s;< 1 ms;< 1 ms;22.05 Mbit/s;13.62 Mbit/s;0.0 %;2.31 ms;PTT Metro de Sao Paulo - Nodo 3;;;;;
04/07/15 23:13;23.31 Mbit/s;13.07 Mbit/s;< 1 ms;< 1 ms;25.57 Mbit/s;13.26 Mbit/s;0.0 %;2.81 ms;PTT Metro de Sao Paulo - Nodo 2 - PIX ALOG Tambore;;;;;
04/07/15 22:14;20.51 Mbit/s;9.63 Mbit/s;< 1 ms;< 1 ms;22.2 Mbit/s;10.3 Mbit/s;0.0 %;2.24 ms;PTT Metro de Sao Paulo - Nodo 4;;;;;
04/07/15 21:14;20.87 Mbit/s;13.61 Mbit/s;< 1 ms;< 1 ms;22.64 Mbit/s;14.48 Mbit/s;0.0 %;2.37 ms;PTT Metro de Sao Paulo - Nodo 2;;;;;
04/07/15 20:13;19.12 Mbit/s;9.63 Mbit/s;< 1 ms;< 1 ms;21.01 Mbit/s;10.28 Mbit/s;0.0 %;2.86 ms;PTT Metro de Sao Paulo - PIX ALOG Tambore;;;;;
04/07/15 19:14;17.96 Mbit/s;9.41 Mbit/s;3.19 ms;< 1 ms;19.65 Mbit/s;10.04 Mbit/s;0.0 %;2.26 ms;PTT Metro de Sao Paulo - Nodo 1;;;;;
04/07/15 18:13;22.35 Mbit/s;9.29 Mbit/s;< 1 ms;< 1 ms;24.4 Mbit/s;9.92 Mbit/s;0.0 %;2.27 ms;PTT Metro de Sao Paulo - Nodo 4;;;;;
04/07/15 17:13;18.14 Mbit/s;9.13 Mbit/s;< 1 ms;< 1 ms;19.9 Mbit/s;9.73 Mbit/s;0.0 %;2.49 ms;PTT Metro de Sao Paulo - Nodo 2;;;;;
04/07/15 16:13;20.25 Mbit/s;10.96 Mbit/s;< 1 ms;< 1 ms;22.25 Mbit/s;11.3 Mbit/s;0.0 %;2.47 ms;PTT Metro de Sao Paulo - Nodo 3;;;;;
04/07/15 15:13;16.67 Mbit/s;9.3 Mbit/s;< 1 ms;< 1 ms;18.32 Mbit/s;9.96 Mbit/s;0.0 %;2.41 ms;PTT Metro de Sao Paulo - Nodo 2;;;;;
04/07/15 14:13;15.45 Mbit/s;10.57 Mbit/s;< 1 ms;1.92 ms;16.63 Mbit/s;11.3 Mbit/s;0.0 %;2.21 ms;PTT Metro de Sao Paulo - Nodo 2;;;;;
04/07/15 13:13;15.96 Mbit/s;9.46 Mbit/s;< 1 ms;< 1 ms;17.52 Mbit/s;9.65 Mbit/s;0.0 %;2.12 ms;PTT Metro de Sao Paulo - Nodo 1;;;;;
04/07/15 12:13;24.87 Mbit/s;12.98 Mbit/s;< 1 ms;< 1 ms;27.13 Mbit/s;13.86 Mbit/s;0.0 %;2.18 ms;PTT Metro de Sao Paulo - Nodo 4;;;;;
04/07/15 11:13;22.87 Mbit/s;11.63 Mbit/s;< 1 ms;< 1 ms;24.73 Mbit/s;12.45 Mbit/s;0.0 %;2.14 ms;PTT Metro de Sao Paulo - Nodo 3;;;;;
04/07/15 10:13;19.0 Mbit/s;11.5 Mbit/s;< 1 ms;< 1 ms;20.69 Mbit/s;12.24 Mbit/s;0.0 %;2.15 ms;PTT Metro de Sao Paulo - Nodo 2;;;;;
04/07/15 09:13;16.71 Mbit/s;9.74 Mbit/s;< 1 ms;< 1 ms;18.37 Mbit/s;10.42 Mbit/s;0.0 %;2.74 ms;PTT Metro de Sao Paulo - Nodo 3 - PIX ALOG Tambore;;;;;
04/07/15 08:13;14.93 Mbit/s;9.54 Mbit/s;< 1 ms;< 1 ms;16.42 Mbit/s;10.19 Mbit/s;0.0 %;2.29 ms;PTT Metro de Sao Paulo - Nodo 4;;;;;
04/07/15 07:13;15.14 Mbit/s;11.38 Mbit/s;< 1 ms;3.56 ms;16.58 Mbit/s;12.12 Mbit/s;0.0 %;2.2 ms;PTT Metro de Sao Paulo - Nodo 3;;;;;
04/07/15 06:13;18.31 Mbit/s;9.98 Mbit/s;< 1 ms;< 1 ms;20.18 Mbit/s;10.72 Mbit/s;0.0 %;2.79 ms;PTT Metro de Sao Paulo - Nodo 3 - PIX ALOG Tambore;;;;;
04/07/15 05:13;12.61 Mbit/s;10.08 Mbit/s;< 1 ms;< 1 ms;13.88 Mbit/s;10.19 Mbit/s;0.0 %;2.25 ms;PTT Metro de Sao Paulo - Nodo 1;;;;;
04/07/15 04:13;19.8 Mbit/s;9.73 Mbit/s;6.26 ms;< 1 ms;21.8 Mbit/s;10.36 Mbit/s;0.0 %;2.19 ms;PTT Metro de Sao Paulo - Nodo 4;;;;;
04/07/15 03:13;13.12 Mbit/s;12.97 Mbit/s;< 1 ms;< 1 ms;14.42 Mbit/s;13.86 Mbit/s;0.0 %;2.33 ms;PTT Metro de Sao Paulo - Nodo 3;;;;;
04/07/15 02:13;15.55 Mbit/s;9.41 Mbit/s;< 1 ms;< 1 ms;17.11 Mbit/s;10.05 Mbit/s;0.0 %;2.11 ms;PTT Metro de Sao Paulo - Nodo 2;;;;;
04/07/15 01:13;26.59 Mbit/s;11.71 Mbit/s;< 1 ms;< 1 ms;28.09 Mbit/s;12.51 Mbit/s;0.0 %;2.6 ms;PTT Metro de Sao Paulo - PIX ALOG Tambore;;;;;
04/07/15 00:13;21.9 Mbit/s;13.91 Mbit/s;< 1 ms;< 1 ms;23.99 Mbit/s;14.79 Mbit/s;0.0 %;2.17 ms;PTT Metro de Sao Paulo - Nodo 4;;;;;
03/07/15 23:13;15.74 Mbit/s;12.94 Mbit/s;< 1 ms;< 1 ms;17.32 Mbit/s;11.97 Mbit/s;0.0 %;2.23 ms;PTT Metro de Sao Paulo - Nodo 3;;;;;
03/07/15 22:13;16.76 Mbit/s;9.46 Mbit/s;13.5 ms;< 1 ms;18.39 Mbit/s;10.05 Mbit/s;0.67 %;5.09 ms;PTT Metro de Sao Paulo - Nodo 2;;;;;
03/07/15 21:13;15.47 Mbit/s;9.69 Mbit/s;< 1 ms;< 1 ms;16.77 Mbit/s;9.05 Mbit/s;0.0 %;2.45 ms;PTT Metro de Sao Paulo - Nodo 1;;;;;
03/07/15 20:13;18.5 Mbit/s;12.9 Mbit/s;< 1 ms;< 1 ms;20.04 Mbit/s;13.68 Mbit/s;0.0 %;2.17 ms;PTT Metro de Sao Paulo - Nodo 4;;;;;
03/07/15 19:13;14.28 Mbit/s;8.46 Mbit/s;< 1 ms;< 1 ms;15.61 Mbit/s;9.07 Mbit/s;0.0 %;2.18 ms;PTT Metro de Sao Paulo - Nodo 3;;;;;
03/07/15 18:13;18.69 Mbit/s;10.44 Mbit/s;< 1 ms;< 1 ms;19.55 Mbit/s;10.93 Mbit/s;0.67 %;2.31 ms;PTT Metro de Sao Paulo - Nodo 2;;;;;
03/07/15 17:13;17.03 Mbit/s;9.27 Mbit/s;< 1 ms;< 1 ms;18.52 Mbit/s;9.89 Mbit/s;0.67 %;4.57 ms;PTT Metro de Sao Paulo - Nodo 1;;;;;
03/07/15 16:13;14.49 Mbit/s;9.75 Mbit/s;< 1 ms;< 1 ms;15.24 Mbit/s;10.41 Mbit/s;2.08 %;6.92 ms;PTT Metro de Sao Paulo - Nodo 4;;;;;
03/07/15 15:13;14.97 Mbit/s;9.39 Mbit/s;< 1 ms;< 1 ms;16.03 Mbit/s;9.89 Mbit/s;2.8 %;6.75 ms;PTT Metro de Sao Paulo - Nodo 1;;;;;
03/07/15 14:14;16.99 Mbit/s;9.01 Mbit/s;< 1 ms;< 1 ms;18.37 Mbit/s;9.61 Mbit/s;2.07 %;6.08 ms;PTT Metro de Sao Paulo - Nodo 3;;;;;
03/07/15 13:13;19.65 Mbit/s;8.29 Mbit/s;< 1 ms;< 1 ms;21.2 Mbit/s;8.71 Mbit/s;1.36 %;6.5 ms;PTT Metro de Sao Paulo - Nodo 4;;;;;
03/07/15 12:13;13.54 Mbit/s;6.91 Mbit/s;< 1 ms;< 1 ms;14.55 Mbit/s;7.37 Mbit/s;0.67 %;3.98 ms;PTT Metro de Sao Paulo - Nodo 1;;;;;
03/07/15 11:13;14.49 Mbit/s;9.46 Mbit/s;< 1 ms;< 1 ms;15.49 Mbit/s;10.2 Mbit/s;5.11 %;6.43 ms;PTT Metro de Sao Paulo - Nodo 2;;;;;
03/07/15 10:13;18.97 Mbit/s;9.09 Mbit/s;< 1 ms;< 1 ms;20.58 Mbit/s;9.65 Mbit/s;0.0 %;3.63 ms;PTT Metro de Sao Paulo - Nodo 3;;;;;
03/07/15 09:14;18.56 Mbit/s;11.56 Mbit/s;< 1 ms;< 1 ms;20.43 Mbit/s;12.41 Mbit/s;0.0 %;2.86 ms;PTT Metro de Sao Paulo - Nodo 2 - PIX ALOG Tambore;;;;;
03/07/15 08:13;23.89 Mbit/s;10.41 Mbit/s;< 1 ms;< 1 ms;26.01 Mbit/s;11.12 Mbit/s;0.0 %;2.38 ms;PTT Metro de Sao Paulo - Nodo 1;;;;;
03/07/15 07:13;20.12 Mbit/s;12.37 Mbit/s;< 1 ms;< 1 ms;21.99 Mbit/s;13.19 Mbit/s;0.0 %;2.4 ms;PTT Metro de Sao Paulo - Nodo 2;;;;;
03/07/15 06:14;25.14 Mbit/s;8.6 Mbit/s;< 1 ms;3.1 ms;27.3 Mbit/s;9.16 Mbit/s;0.0 %;2.29 ms;PTT Metro de Sao Paulo - Nodo 3;;;;;
03/07/15 05:13;16.35 Mbit/s;8.64 Mbit/s;< 1 ms;< 1 ms;18.02 Mbit/s;9.23 Mbit/s;0.0 %;2.32 ms;PTT Metro de Sao Paulo - Nodo 4;;;;;
03/07/15 04:13;26.83 Mbit/s;9.35 Mbit/s;< 1 ms;< 1 ms;28.8 Mbit/s;9.92 Mbit/s;0.0 %;2.24 ms;PTT Metro de Sao Paulo - Nodo 1;;;;;
03/07/15 03:13;23.63 Mbit/s;8.53 Mbit/s;< 1 ms;< 1 ms;26.02 Mbit/s;9.03 Mbit/s;0.0 %;2.41 ms;PTT Metro de Sao Paulo - Nodo 2;;;;;
03/07/15 02:13;26.69 Mbit/s;9.73 Mbit/s;< 1 ms;< 1 ms;28.53 Mbit/s;9.89 Mbit/s;0.0 %;2.3 ms;PTT Metro de Sao Paulo - Nodo 3;;;;;
03/07/15 01:13;20.24 Mbit/s;9.53 Mbit/s;< 1 ms;< 1 ms;22.21 Mbit/s;10.16 Mbit/s;0.0 %;2.32 ms;PTT Metro de Sao Paulo - Nodo 4;;;;;
03/07/15 00:13;20.01 Mbit/s;8.83 Mbit/s;< 1 ms;< 1 ms;22.03 Mbit/s;9.41 Mbit/s;0.0 %;2.37 ms;PTT Metro de Sao Paulo - Nodo 1;;;;;
02/07/15 23:13;14.02 Mbit/s;9.9 Mbit/s;< 1 ms;1.59 ms;15.25 Mbit/s;10.53 Mbit/s;0.0 %;2.91 ms;PTT Metro de Sao Paulo - PIX ALOG Tambore;;;;;
02/07/15 22:14;10.67 Mbit/s;10.09 Mbit/s;< 1 ms;< 1 ms;11.73 Mbit/s;10.77 Mbit/s;0.0 %;2.33 ms;PTT Metro de Sao Paulo - Nodo 3;;;;;
02/07/15 21:13;15.37 Mbit/s;9.07 Mbit/s;< 1 ms;< 1 ms;16.75 Mbit/s;9.66 Mbit/s;0.0 %;2.89 ms;PTT Metro de Sao Paulo - PIX ALOG Tambore;;;;;
02/07/15 20:13;17.95 Mbit/s;9.06 Mbit/s;< 1 ms;1.0 ms;19.66 Mbit/s;9.63 Mbit/s;0.0 %;2.24 ms;PTT Metro de Sao Paulo - Nodo 1;;;;;
02/07/15 19:14;14.14 Mbit/s;7.07 Mbit/s;< 1 ms;7.61 ms;15.45 Mbit/s;7.57 Mbit/s;0.0 %;2.34 ms;PTT Metro de Sao Paulo - Nodo 2;;;;;
02/07/15 18:13;15.33 Mbit/s;9.25 Mbit/s;< 1 ms;< 1 ms;16.87 Mbit/s;9.92 Mbit/s;0.0 %;2.48 ms;PTT Metro de Sao Paulo - Nodo 3;;;;;
02/07/15 16:13;13.46 Mbit/s;9.6 Mbit/s;< 1 ms;< 1 ms;14.12 Mbit/s;10.24 Mbit/s;5.11 %;7.23 ms;PTT Metro de Sao Paulo - Nodo 3;;;;;
02/07/15 14:13;15.07 Mbit/s;8.46 Mbit/s;< 1 ms;< 1 ms;16.27 Mbit/s;9.11 Mbit/s;1.37 %;5.33 ms;PTT Metro de Sao Paulo - Nodo 3;;;;;
02/07/15 13:13;14.98 Mbit/s;8.38 Mbit/s;< 1 ms;< 1 ms;16.33 Mbit/s;8.94 Mbit/s;1.36 %;4.27 ms;PTT Metro de Sao Paulo - Nodo 2;;;;;
02/07/15 12:13;12.95 Mbit/s;8.9 Mbit/s;< 1 ms;2.03 ms;14.08 Mbit/s;9.5 Mbit/s;0.0 %;3.4 ms;PTT Metro de Sao Paulo - Nodo 1;;;;;
02/07/15 11:14;15.87 Mbit/s;8.57 Mbit/s;< 1 ms;< 1 ms;16.7 Mbit/s;9.14 Mbit/s;0.0 %;6.37 ms;PTT Metro de Sao Paulo - PIX ALOG Tambore;;;;;
02/07/15 10:13;14.24 Mbit/s;10.24 Mbit/s;< 1 ms;< 1 ms;15.48 Mbit/s;10.6 Mbit/s;0.0 %;3.36 ms;PTT Metro de Sao Paulo - Nodo 3 - PIX ALOG Tambore;;;;;
02/07/15 09:13;17.49 Mbit/s;7.88 Mbit/s;< 1 ms;< 1 ms;19.28 Mbit/s;8.41 Mbit/s;0.0 %;2.48 ms;PTT Metro de Sao Paulo - Nodo 2;;;;;
02/07/15 08:13;14.75 Mbit/s;7.85 Mbit/s;< 1 ms;< 1 ms;16.17 Mbit/s;8.44 Mbit/s;0.0 %;2.37 ms;PTT Metro de Sao Paulo - Nodo 1;;;;;
02/07/15 07:13;19.35 Mbit/s;7.27 Mbit/s;7.34 ms;1.9 ms;21.3 Mbit/s;7.66 Mbit/s;0.0 %;2.43 ms;PTT Metro de Sao Paulo - Nodo 4;;;;;
02/07/15 06:13;13.04 Mbit/s;8.99 Mbit/s;< 1 ms;< 1 ms;14.35 Mbit/s;9.58 Mbit/s;0.0 %;2.28 ms;PTT Metro de Sao Paulo - Nodo 3;;;;;
02/07/15 05:13;13.17 Mbit/s;9.27 Mbit/s;< 1 ms;< 1 ms;14.51 Mbit/s;9.88 Mbit/s;0.0 %;2.32 ms;PTT Metro de Sao Paulo - Nodo 2;;;;;
02/07/15 04:14;15.85 Mbit/s;10.67 Mbit/s;< 1 ms;< 1 ms;16.93 Mbit/s;11.29 Mbit/s;0.0 %;2.43 ms;PTT Metro de Sao Paulo - Nodo 1;;;;;
02/07/15 03:13;20.7 Mbit/s;9.76 Mbit/s;< 1 ms;< 1 ms;22.65 Mbit/s;10.42 Mbit/s;0.0 %;2.3 ms;PTT Metro de Sao Paulo - Nodo 4;;;;;
02/07/15 02:13;16.28 Mbit/s;9.7 Mbit/s;< 1 ms;< 1 ms;17.9 Mbit/s;10.37 Mbit/s;0.0 %;2.27 ms;PTT Metro de Sao Paulo - Nodo 3;;;;;
02/07/15 01:13;20.05 Mbit/s;9.27 Mbit/s;< 1 ms;< 1 ms;22.0 Mbit/s;9.86 Mbit/s;0.0 %;2.35 ms;PTT Metro de Sao Paulo - Nodo 2;;;;;
02/07/15 00:13;25.53 Mbit/s;9.68 Mbit/s;< 1 ms;< 1 ms;27.81 Mbit/s;10.34 Mbit/s;0.0 %;2.28 ms;PTT Metro de Sao Paulo - Nodo 1;;;;;
01/07/15 23:13;16.69 Mbit/s;9.99 Mbit/s;< 1 ms;< 1 ms;18.39 Mbit/s;10.66 Mbit/s;0.0 %;2.28 ms;PTT Metro de Sao Paulo - Nodo 4;;;;;
01/07/15 22:13;14.25 Mbit/s;10.09 Mbit/s;< 1 ms;< 1 ms;15.58 Mbit/s;10.84 Mbit/s;0.0 %;2.26 ms;PTT Metro de Sao Paulo - Nodo 3;;;;;
01/07/15 21:13;14.56 Mbit/s;9.74 Mbit/s;1.22 ms;< 1 ms;16.05 Mbit/s;10.38 Mbit/s;0.0 %;2.25 ms;PTT Metro de Sao Paulo - Nodo 2;;;;;
01/07/15 20:13;13.6 Mbit/s;12.29 Mbit/s;< 1 ms;< 1 ms;14.91 Mbit/s;10.43 Mbit/s;0.0 %;2.37 ms;PTT Metro de Sao Paulo - Nodo 1;;;;;
01/07/15 19:14;3.93 Mbit/s;4.41 Mbit/s;< 1 ms;1.7 ms;4.24 Mbit/s;4.58 Mbit/s;2.08 %;3.48 ms;PTT Metro de Sao Paulo - PIX ALOG Tambore;;;;;
01/07/15 18:14;18.16 Mbit/s;9.14 Mbit/s;< 1 ms;2.54 ms;19.21 Mbit/s;9.75 Mbit/s;0.0 %;2.34 ms;PTT Metro de Sao Paulo - Nodo 1;;;;;
01/07/15 17:13;17.67 Mbit/s;9.29 Mbit/s;< 1 ms;< 1 ms;18.79 Mbit/s;9.94 Mbit/s;2.8 %;6.6 ms;PTT Metro de Sao Paulo - Nodo 3;;;;;
01/07/15 16:13;15.31 Mbit/s;8.62 Mbit/s;< 1 ms;< 1 ms;16.11 Mbit/s;9.13 Mbit/s;3.55 %;7.01 ms;PTT Metro de Sao Paulo - Nodo 2;;;;;
01/07/15 15:13;15.49 Mbit/s;8.37 Mbit/s;< 1 ms;< 1 ms;16.28 Mbit/s;8.93 Mbit/s;3.55 %;6.87 ms;PTT Metro de Sao Paulo - Nodo 1;;;;;
01/07/15 14:13;14.89 Mbit/s;8.6 Mbit/s;< 1 ms;< 1 ms;15.78 Mbit/s;9.15 Mbit/s;3.55 %;7.27 ms;PTT Metro de Sao Paulo - Nodo 2 - PIX ALOG Tambore;;;;;
01/07/15 13:13;17.84 Mbit/s;7.88 Mbit/s;< 1 ms;50.24 ms;19.49 Mbit/s;7.73 Mbit/s;0.0 %;3.45 ms;PTT Metro de Sao Paulo - PIX ALOG Tambore;;;;;
01/07/15 12:14;17.94 Mbit/s;9.21 Mbit/s;< 1 ms;< 1 ms;19.43 Mbit/s;9.85 Mbit/s;0.67 %;5.05 ms;PTT Metro de Sao Paulo - Nodo 3 - PIX ALOG Tambore;;;;;
01/07/15 11:13;18.53 Mbit/s;8.63 Mbit/s;< 1 ms;< 1 ms;20.01 Mbit/s;9.27 Mbit/s;0.0 %;4.27 ms;PTT Metro de Sao Paulo - Nodo 1;;;;;
01/07/15 10:13;20.61 Mbit/s;9.18 Mbit/s;< 1 ms;< 1 ms;22.55 Mbit/s;9.8 Mbit/s;0.67 %;6.0 ms;PTT Metro de Sao Paulo - PIX ALOG Tambore;;;;;
01/07/15 09:14;13.91 Mbit/s;12.59 Mbit/s;< 1 ms;< 1 ms;15.1 Mbit/s;10.18 Mbit/s;0.0 %;2.25 ms;PTT Metro de Sao Paulo - Nodo 3;;;;;
01/07/15 08:13;15.81 Mbit/s;8.89 Mbit/s;< 1 ms;< 1 ms;17.0 Mbit/s;9.54 Mbit/s;0.0 %;2.55 ms;PTT Metro de Sao Paulo - Nodo 2;;;;;
01/07/15 07:13;18.41 Mbit/s;8.72 Mbit/s;6.36 ms;< 1 ms;19.96 Mbit/s;9.28 Mbit/s;0.0 %;2.43 ms;PTT Metro de Sao Paulo - Nodo 1;;;;;
01/07/15 06:13;17.35 Mbit/s;8.34 Mbit/s;< 1 ms;< 1 ms;18.87 Mbit/s;8.91 Mbit/s;0.0 %;2.44 ms;PTT Metro de Sao Paulo - Nodo 4;;;;;
01/07/15 05:13;17.21 Mbit/s;9.68 Mbit/s;< 1 ms;< 1 ms;18.95 Mbit/s;10.28 Mbit/s;0.0 %;2.42 ms;PTT Metro de Sao Paulo - Nodo 3;;;;;
01/07/15 04:13;14.73 Mbit/s;9.07 Mbit/s;< 1 ms;< 1 ms;16.23 Mbit/s;9.14 Mbit/s;0.0 %;2.39 ms;PTT Metro de Sao Paulo - Nodo 2;;;;;
01/07/15 03:13;15.63 Mbit/s;6.81 Mbit/s;< 1 ms;< 1 ms;17.18 Mbit/s;7.33 Mbit/s;0.0 %;2.27 ms;PTT Metro de Sao Paulo - Nodo 1;;;;;
01/07/15 02:13;19.72 Mbit/s;11.9 Mbit/s;< 1 ms;< 1 ms;21.69 Mbit/s;12.15 Mbit/s;0.0 %;2.36 ms;PTT Metro de Sao Paulo - Nodo 4;;;;;
01/07/15 01:13;16.37 Mbit/s;9.04 Mbit/s;< 1 ms;< 1 ms;17.98 Mbit/s;9.7 Mbit/s;0.0 %;2.28 ms;PTT Metro de Sao Paulo - Nodo 3;;;;;
01/07/15 00:13;17.22 Mbit/s;8.15 Mbit/s;< 1 ms;< 1 ms;18.91 Mbit/s;8.69 Mbit/s;0.0 %;2.34 ms;PTT Metro de Sao Paulo - Nodo 2;;;;;
30/06/15 23:13;23.62 Mbit/s;7.7 Mbit/s;< 1 ms;3.02 ms;25.86 Mbit/s;8.22 Mbit/s;0.0 %;2.31 ms;PTT Metro de Sao Paulo - Nodo 1;;;;;
30/06/15 22:13;22.4 Mbit/s;8.84 Mbit/s;< 1 ms;< 1 ms;24.05 Mbit/s;9.25 Mbit/s;0.67 %;2.31 ms;PTT Metro de Sao Paulo - Nodo 4;;;;;
30/06/15 21:13;22.73 Mbit/s;8.11 Mbit/s;< 1 ms;< 1 ms;24.5 Mbit/s;8.65 Mbit/s;0.0 %;2.9 ms;PTT Metro de Sao Paulo - Nodo 3 - PIX ALOG Tambore;;;;;
30/06/15 20:13;19.4 Mbit/s;7.01 Mbit/s;< 1 ms;< 1 ms;20.76 Mbit/s;7.15 Mbit/s;0.0 %;2.18 ms;PTT Metro de Sao Paulo - Nodo 2;;;;;
30/06/15 19:13;11.99 Mbit/s;6.82 Mbit/s;< 1 ms;< 1 ms;12.95 Mbit/s;7.24 Mbit/s;0.68 %;2.3 ms;PTT Metro de Sao Paulo - Nodo 1;;;;;
30/06/15 18:19;-;-;-;22.43 ms;-;-;21.85 %;501.68 ms;PTT Metro de Vitoria;;;;;
30/06/15 18:13;14.91 Mbit/s;9.17 Mbit/s;< 1 ms;< 1 ms;16.15 Mbit/s;9.77 Mbit/s;0.0 %;2.38 ms;PTT Metro de Sao Paulo - Nodo 4;;;;;
30/06/15 17:13;16.65 Mbit/s;6.94 Mbit/s;< 1 ms;< 1 ms;18.17 Mbit/s;7.43 Mbit/s;0.0 %;3.81 ms;PTT Metro de Sao Paulo - Nodo 3;;;;;
30/06/15 16:14;11.54 Mbit/s;8.35 Mbit/s;< 1 ms;< 1 ms;12.31 Mbit/s;8.91 Mbit/s;2.8 %;6.17 ms;PTT Metro de Sao Paulo - Nodo 2;;;;;
30/06/15 14:13;17.83 Mbit/s;8.7 Mbit/s;< 1 ms;< 1 ms;18.95 Mbit/s;9.3 Mbit/s;2.05 %;6.25 ms;PTT Metro de Sao Paulo - Nodo 4;;;;;
30/06/15 13:13;18.24 Mbit/s;7.19 Mbit/s;< 1 ms;< 1 ms;20.03 Mbit/s;7.72 Mbit/s;0.68 %;3.98 ms;PTT Metro de Sao Paulo - PIX ALOG Tambore;;;;;
30/06/15 11:13;18.15 Mbit/s;8.82 Mbit/s;< 1 ms;< 1 ms;19.33 Mbit/s;8.95 Mbit/s;0.67 %;7.78 ms;PTT Metro de Sao Paulo - Nodo 2 - PIX ALOG Tambore;;;;;
30/06/15 10:13;16.56 Mbit/s;8.14 Mbit/s;< 1 ms;< 1 ms;17.97 Mbit/s;8.29 Mbit/s;0.67 %;4.69 ms;PTT Metro de Sao Paulo - Nodo 4;;;;;
30/06/15 09:13;23.3 Mbit/s;8.29 Mbit/s;< 1 ms;< 1 ms;24.96 Mbit/s;8.84 Mbit/s;0.0 %;2.42 ms;PTT Metro de Sao Paulo - Nodo 3;;;;;
30/06/15 08:13;21.01 Mbit/s;8.68 Mbit/s;< 1 ms;< 1 ms;23.07 Mbit/s;9.24 Mbit/s;0.0 %;2.45 ms;PTT Metro de Sao Paulo - Nodo 2;;;;;
30/06/15 07:13;21.16 Mbit/s;7.64 Mbit/s;< 1 ms;< 1 ms;23.26 Mbit/s;8.13 Mbit/s;0.0 %;2.29 ms;PTT Metro de Sao Paulo - Nodo 1;;;;;
30/06/15 06:14;21.68 Mbit/s;7.83 Mbit/s;< 1 ms;< 1 ms;23.69 Mbit/s;8.35 Mbit/s;0.0 %;2.3 ms;PTT Metro de Sao Paulo - Nodo 4;;;;;
30/06/15 05:13;19.47 Mbit/s;7.85 Mbit/s;< 1 ms;1.82 ms;21.47 Mbit/s;8.37 Mbit/s;0.0 %;2.42 ms;PTT Metro de Sao Paulo - Nodo 3;;;;;
30/06/15 04:13;18.59 Mbit/s;7.73 Mbit/s;< 1 ms;< 1 ms;20.44 Mbit/s;8.24 Mbit/s;0.0 %;2.3 ms;PTT Metro de Sao Paulo - Nodo 2;;;;;
30/06/15 02:13;19.25 Mbit/s;7.88 Mbit/s;< 1 ms;< 1 ms;20.9 Mbit/s;8.25 Mbit/s;0.0 %;2.81 ms;PTT Metro de Sao Paulo - PIX ALOG Tambore;;;;;
30/06/15 01:13;17.43 Mbit/s;8.19 Mbit/s;< 1 ms;< 1 ms;19.19 Mbit/s;8.73 Mbit/s;0.0 %;2.52 ms;PTT Metro de Sao Paulo - Nodo 3;;;;;
30/06/15 00:13;17.24 Mbit/s;8.52 Mbit/s;1.04 ms;< 1 ms;18.77 Mbit/s;9.18 Mbit/s;0.0 %;2.15 ms;PTT Metro de Sao Paulo - Nodo 2;;;;;
29/06/15 23:13;15.81 Mbit/s;8.96 Mbit/s;< 1 ms;< 1 ms;17.32 Mbit/s;9.59 Mbit/s;0.0 %;2.5 ms;PTT Metro de Sao Paulo - Nodo 1;;;;;
29/06/15 22:13;22.25 Mbit/s;8.02 Mbit/s;< 1 ms;< 1 ms;24.36 Mbit/s;8.57 Mbit/s;0.0 %;2.27 ms;PTT Metro de Sao Paulo - Nodo 4;;;;;
29/06/15 21:14;13.31 Mbit/s;6.73 Mbit/s;< 1 ms;4.86 ms;14.58 Mbit/s;7.11 Mbit/s;0.0 %;2.28 ms;PTT Metro de Sao Paulo - Nodo 1;;;;;
29/06/15 20:14;18.96 Mbit/s;8.21 Mbit/s;< 1 ms;< 1 ms;20.63 Mbit/s;8.76 Mbit/s;0.0 %;2.25 ms;PTT Metro de Sao Paulo - Nodo 3;;;;;
29/06/15 19:13;14.51 Mbit/s;9.14 Mbit/s;< 1 ms;< 1 ms;15.86 Mbit/s;9.85 Mbit/s;0.0 %;2.39 ms;PTT Metro de Sao Paulo - Nodo 2;;;;;
29/06/15 18:13;12.82 Mbit/s;8.55 Mbit/s;< 1 ms;< 1 ms;14.03 Mbit/s;9.11 Mbit/s;0.67 %;2.28 ms;PTT Metro de Sao Paulo - Nodo 4;;;;;
29/06/15 17:13;15.67 Mbit/s;9.15 Mbit/s;1.15 ms;< 1 ms;17.12 Mbit/s;9.71 Mbit/s;8.53 %;7.11 ms;PTT Metro de Sao Paulo - Nodo 1;;;;;
29/06/15 16:14;16.21 Mbit/s;9.37 Mbit/s;< 1 ms;1.14 ms;16.99 Mbit/s;9.99 Mbit/s;4.29 %;6.97 ms;PTT Metro de Sao Paulo - Nodo 3;;;;;
29/06/15 15:13;11.29 Mbit/s;8.48 Mbit/s;< 1 ms;3.62 ms;11.8 Mbit/s;9.09 Mbit/s;5.97 %;7.13 ms;PTT Metro de Sao Paulo - Nodo 2;;;;;
29/06/15 12:49;16.57 Mbit/s;7.82 Mbit/s;< 1 ms;< 1 ms;17.82 Mbit/s;8.32 Mbit/s;0.0 %;2.92 ms;PTT Metro de Sao Paulo - Nodo 4;;;;;
29/06/15 09:49;9.12 Mbit/s;5.52 Mbit/s;1.1 ms;1.69 ms;9.94 Mbit/s;5.7 Mbit/s;0.0 %;6.65 ms;PTT Metro de Sao Paulo - PIX ALOG Tambore;;;;;
29/06/15 06:49;20.61 Mbit/s;6.65 Mbit/s;< 1 ms;< 1 ms;22.67 Mbit/s;7.0 Mbit/s;0.0 %;2.29 ms;PTT Metro de Sao Paulo - Nodo 3;;;;;
29/06/15 03:49;20.96 Mbit/s;6.53 Mbit/s;< 1 ms;< 1 ms;23.06 Mbit/s;6.91 Mbit/s;0.0 %;2.9 ms;PTT Metro de Sao Paulo - PIX ALOG Tambore;;;;;
29/06/15 00:49;19.98 Mbit/s;6.81 Mbit/s;< 1 ms;< 1 ms;21.95 Mbit/s;7.2 Mbit/s;0.0 %;2.75 ms;PTT Metro de Sao Paulo - PIX ALOG Tambore;;;;;
28/06/15 21:49;21.52 Mbit/s;8.2 Mbit/s;< 1 ms;< 1 ms;23.32 Mbit/s;8.76 Mbit/s;0.0 %;2.88 ms;PTT Metro de Sao Paulo - Nodo 2 - PIX ALOG Tambore;;;;;
28/06/15 18:49;20.69 Mbit/s;9.22 Mbit/s;< 1 ms;< 1 ms;22.48 Mbit/s;9.83 Mbit/s;0.0 %;2.85 ms;PTT Metro de Sao Paulo - Nodo 3 - PIX ALOG Tambore;;;;;
28/06/15 15:49;17.12 Mbit/s;8.74 Mbit/s;< 1 ms;< 1 ms;18.64 Mbit/s;9.16 Mbit/s;0.67 %;3.17 ms;PTT Metro de Sao Paulo - PIX ALOG Tambore;;;;;
28/06/15 12:49;15.92 Mbit/s;9.32 Mbit/s;< 1 ms;< 1 ms;17.55 Mbit/s;9.87 Mbit/s;0.0 %;2.33 ms;PTT Metro de Sao Paulo - Nodo 4;;;;;
28/06/15 09:49;18.49 Mbit/s;7.43 Mbit/s;< 1 ms;< 1 ms;20.17 Mbit/s;7.94 Mbit/s;0.0 %;2.38 ms;PTT Metro de Sao Paulo - Nodo 1;;;;;
28/06/15 06:49;13.54 Mbit/s;8.09 Mbit/s;< 1 ms;< 1 ms;14.79 Mbit/s;8.64 Mbit/s;0.0 %;2.89 ms;PTT Metro de Sao Paulo - Nodo 3 - PIX ALOG Tambore;;;;;
28/06/15 03:49;24.01 Mbit/s;8.74 Mbit/s;< 1 ms;4.68 ms;25.96 Mbit/s;9.37 Mbit/s;0.0 %;2.81 ms;PTT Metro de Sao Paulo - Nodo 2 - PIX ALOG Tambore;;;;;
28/06/15 00:49;16.69 Mbit/s;7.97 Mbit/s;< 1 ms;< 1 ms;18.38 Mbit/s;8.51 Mbit/s;0.0 %;2.3 ms;PTT Metro de Sao Paulo - Nodo 3;;;;;
27/06/15 21:49;23.97 Mbit/s;7.79 Mbit/s;< 1 ms;< 1 ms;26.04 Mbit/s;8.21 Mbit/s;0.0 %;2.26 ms;PTT Metro de Sao Paulo - Nodo 2;;;;;
27/06/15 15:49;15.63 Mbit/s;8.22 Mbit/s;< 1 ms;< 1 ms;16.86 Mbit/s;8.69 Mbit/s;0.0 %;2.86 ms;PTT Metro de Sao Paulo - PIX ALOG Tambore;;;;;
27/06/15 12:49;18.3 Mbit/s;8.17 Mbit/s;< 1 ms;2.9 ms;18.39 Mbit/s;8.71 Mbit/s;0.0 %;2.35 ms;PTT Metro de Sao Paulo - Nodo 1;;;;;
27/06/15 09:49;15.9 Mbit/s;8.87 Mbit/s;< 1 ms;< 1 ms;17.27 Mbit/s;9.46 Mbit/s;0.0 %;2.24 ms;PTT Metro de Sao Paulo - Nodo 2;;;;;
27/06/15 06:49;20.23 Mbit/s;7.9 Mbit/s;< 1 ms;< 1 ms;21.87 Mbit/s;8.42 Mbit/s;0.0 %;2.38 ms;PTT Metro de Sao Paulo - Nodo 1;;;;;
27/06/15 03:49;16.71 Mbit/s;5.98 Mbit/s;< 1 ms;< 1 ms;18.31 Mbit/s;6.37 Mbit/s;0.0 %;2.87 ms;PTT Metro de Sao Paulo - PIX ALOG Tambore;;;;;
27/06/15 00:49;13.47 Mbit/s;4.35 Mbit/s;< 1 ms;3.0 ms;14.82 Mbit/s;4.63 Mbit/s;0.0 %;2.5 ms;PTT Metro de Sao Paulo - Nodo 3;;;;;
27/06/15 00:14;25.38 Mbit/s;30.15 Mbit/s;< 1 ms;24.09 ms;19.99 Mbit/s;22.79 Mbit/s;0.0 %;3.2 ms;PTT Metro de Sao Paulo - Nodo 2;;;;;
26/06/15 21:50;14.13 Mbit/s;6.23 Mbit/s;< 1 ms;< 1 ms;15.34 Mbit/s;6.35 Mbit/s;0.0 %;2.88 ms;PTT Metro de Sao Paulo - Nodo 2 - PIX ALOG Tambore;;;;;
26/06/15 18:50;13.92 Mbit/s;5.91 Mbit/s;< 1 ms;4.32 ms;15.11 Mbit/s;6.23 Mbit/s;0.0 %;2.87 ms;PTT Metro de Sao Paulo - PIX ALOG Tambore;;;;;
26/06/15 15:49;12.5 Mbit/s;5.86 Mbit/s;< 1 ms;4.82 ms;13.12 Mbit/s;6.25 Mbit/s;4.32 %;7.75 ms;PTT Metro de Sao Paulo - Nodo 3 - PIX ALOG Tambore;;;;;
26/06/15 12:49;8.77 Mbit/s;5.03 Mbit/s;< 1 ms;< 1 ms;9.59 Mbit/s;5.03 Mbit/s;0.67 %;3.74 ms;PTT Metro de Sao Paulo - PIX ALOG Tambore;;;;;
26/06/15 09:49;18.65 Mbit/s;7.19 Mbit/s;< 1 ms;< 1 ms;20.26 Mbit/s;7.65 Mbit/s;0.0 %;3.18 ms;PTT Metro de Sao Paulo - Nodo 2;;;;;
26/06/15 06:49;17.93 Mbit/s;7.43 Mbit/s;< 1 ms;3.91 ms;19.38 Mbit/s;7.89 Mbit/s;0.0 %;2.26 ms;PTT Metro de Sao Paulo - Nodo 1;;;;;
26/06/15 03:49;14.33 Mbit/s;6.7 Mbit/s;< 1 ms;< 1 ms;15.92 Mbit/s;7.01 Mbit/s;0.0 %;2.39 ms;PTT Metro de Sao Paulo - Nodo 4;;;;;
26/06/15 00:49;21.17 Mbit/s;7.72 Mbit/s;< 1 ms;< 1 ms;22.84 Mbit/s;8.15 Mbit/s;0.0 %;2.77 ms;PTT Metro de Sao Paulo - Nodo 2 - PIX ALOG Tambore;;;;;
25/06/15 21:49;18.07 Mbit/s;7.15 Mbit/s;< 1 ms;< 1 ms;19.77 Mbit/s;7.34 Mbit/s;0.0 %;2.35 ms;PTT Metro de Sao Paulo - Nodo 2;;;;;
25/06/15 18:50;16.92 Mbit/s;8.1 Mbit/s;< 1 ms;< 1 ms;18.53 Mbit/s;7.8 Mbit/s;0.0 %;2.55 ms;PTT Metro de Sao Paulo - Nodo 1;;;;;
25/06/15 15:49;15.46 Mbit/s;4.37 Mbit/s;< 1 ms;< 1 ms;16.03 Mbit/s;4.69 Mbit/s;6.82 %;7.69 ms;PTT Metro de Sao Paulo - Nodo 2 - PIX ALOG Tambore;;;;;
25/06/15 09:49;16.65 Mbit/s;6.03 Mbit/s;< 1 ms;< 1 ms;18.24 Mbit/s;6.42 Mbit/s;0.67 %;3.72 ms;PTT Metro de Sao Paulo - Nodo 3 - PIX ALOG Tambore;;;;;
25/06/15 06:49;17.34 Mbit/s;6.4 Mbit/s;< 1 ms;5.15 ms;18.92 Mbit/s;6.79 Mbit/s;0.0 %;2.32 ms;PTT Metro de Sao Paulo - Nodo 1;;;;;
25/06/15 03:49;20.42 Mbit/s;7.73 Mbit/s;< 1 ms;< 1 ms;22.39 Mbit/s;7.78 Mbit/s;0.0 %;2.83 ms;PTT Metro de Sao Paulo - PIX ALOG Tambore;;;;;
25/06/15 00:49;19.04 Mbit/s;7.28 Mbit/s;< 1 ms;< 1 ms;20.8 Mbit/s;7.8 Mbit/s;0.0 %;2.83 ms;PTT Metro de Sao Paulo - Nodo 3 - PIX ALOG Tambore;;;;;
24/06/15 21:49;21.4 Mbit/s;6.1 Mbit/s;< 1 ms;< 1 ms;23.12 Mbit/s;6.51 Mbit/s;0.0 %;2.95 ms;PTT Metro de Sao Paulo - Nodo 2 - PIX ALOG Tambore;;;;;
24/06/15 18:49;16.59 Mbit/s;8.53 Mbit/s;< 1 ms;< 1 ms;17.91 Mbit/s;8.81 Mbit/s;0.0 %;2.84 ms;PTT Metro de Sao Paulo - PIX ALOG Tambore;;;;;
24/06/15 15:49;14.78 Mbit/s;8.79 Mbit/s;< 1 ms;< 1 ms;15.68 Mbit/s;9.38 Mbit/s;2.07 %;6.98 ms;PTT Metro de Sao Paulo - Nodo 4;;;;;
24/06/15 12:49;14.47 Mbit/s;8.79 Mbit/s;< 1 ms;< 1 ms;15.68 Mbit/s;9.23 Mbit/s;0.67 %;5.35 ms;PTT Metro de Sao Paulo - PIX ALOG Tambore;;;;;
24/06/15 06:50;21.42 Mbit/s;9.51 Mbit/s;< 1 ms;< 1 ms;23.28 Mbit/s;9.95 Mbit/s;0.0 %;2.27 ms;PTT Metro de Sao Paulo - Nodo 1;;;;;
24/06/15 03:49;18.25 Mbit/s;8.55 Mbit/s;< 1 ms;< 1 ms;20.03 Mbit/s;7.52 Mbit/s;0.0 %;2.45 ms;PTT Metro de Sao Paulo - Nodo 4;;;;;
23/06/15 20:14;9.09 Mbit/s;16.41 Mbit/s;< 1 ms;14.36 ms;9.65 Mbit/s;17.1 Mbit/s;0.0 %;5.8 ms;PTT Metro de Sao Paulo - PIX ALOG Tambore;;;;;
23/06/15 15:49;12.34 Mbit/s;4.62 Mbit/s;< 1 ms;< 1 ms;12.99 Mbit/s;4.69 Mbit/s;1.36 %;7.65 ms;PTT Metro de Sao Paulo - Nodo 3 - PIX ALOG Tambore;;;;;
23/06/15 12:49;13.29 Mbit/s;6.41 Mbit/s;< 1 ms;1.18 ms;14.43 Mbit/s;6.88 Mbit/s;0.67 %;4.36 ms;PTT Metro de Sao Paulo - Nodo 1;;;;;
23/06/15 12:05;14.31 Mbit/s;6.98 Mbit/s;< 1 ms;< 1 ms;15.64 Mbit/s;7.45 Mbit/s;0.0 %;5.38 ms;PTT Metro de Sao Paulo - PIX ALOG Tambore;;;;;
;;;;;;;;;;01/08/15 20:27;0.92 ms;172.16.128.1;true;
;;;;;;;;;;01/08/15 17:27;0.94 ms;172.16.128.1;true;
;;;;;;;;;;01/08/15 16:27;1.23 ms;172.16.128.1;true;
;;;;;;;;;;01/08/15 15:27;0.96 ms;172.16.128.1;true;
;;;;;;;;;;01/08/15 14:27;1.11 ms;172.16.128.1;true;
;;;;;;;;;;01/08/15 13:27;0.92 ms;172.16.128.1;true;
;;;;;;;;;;01/08/15 12:27;0.95 ms;172.16.128.1;true;
;;;;;;;;;;01/08/15 11:27;0.91 ms;172.16.128.1;true;
;;;;;;;;;;01/08/15 10:27;0.93 ms;172.16.128.1;true;
;;;;;;;;;;01/08/15 09:27;1.21 ms;172.16.128.1;true;
;;;;;;;;;;01/08/15 08:27;0.93 ms;172.16.128.1;true;
;;;;;;;;;;01/08/15 07:27;0.96 ms;172.16.128.1;true;
;;;;;;;;;;01/08/15 06:27;0.92 ms;172.16.128.1;true;
;;;;;;;;;;01/08/15 05:27;1.12 ms;172.16.128.1;true;
;;;;;;;;;;01/08/15 04:27;1.17 ms;172.16.128.1;true;
;;;;;;;;;;01/08/15 03:27;0.99 ms;172.16.128.1;true;
;;;;;;;;;;01/08/15 02:27;1.07 ms;172.16.128.1;true;
;;;;;;;;;;01/08/15 01:27;1.01 ms;172.16.128.1;true;
;;;;;;;;;;01/08/15 00:27;1.01 ms;172.16.128.1;true;
;;;;;;;;;;31/07/15 23:27;1.06 ms;192.168.1.1;true;
;;;;;;;;;;31/07/15 23:27;1.27 ms;172.16.128.1;true;
;;;;;;;;;;31/07/15 22:27;0.91 ms;172.16.128.1;true;
;;;;;;;;;;31/07/15 21:27;1.36 ms;172.16.128.1;true;
;;;;;;;;;;31/07/15 20:27;0.93 ms;172.16.128.1;true;
;;;;;;;;;;31/07/15 19:27;99.91 ms;172.16.128.1;true;
;;;;;;;;;;31/07/15 18:27;0.98 ms;172.16.128.1;true;
;;;;;;;;;;31/07/15 17:27;1.3 ms;172.16.128.1;true;
;;;;;;;;;;31/07/15 16:27;0.99 ms;172.16.128.1;true;
;;;;;;;;;;31/07/15 15:27;1.04 ms;172.16.128.1;true;
;;;;;;;;;;31/07/15 13:27;1.77 ms;172.16.128.1;true;
;;;;;;;;;;31/07/15 12:27;0.89 ms;172.16.128.1;true;
;;;;;;;;;;31/07/15 11:27;1.08 ms;172.16.128.1;true;
;;;;;;;;;;31/07/15 10:27;1.29 ms;172.16.128.1;true;
;;;;;;;;;;31/07/15 09:27;1.23 ms;172.16.128.1;true;
;;;;;;;;;;31/07/15 06:27;1.54 ms;172.16.128.1;true;
;;;;;;;;;;31/07/15 04:27;1.06 ms;172.16.128.1;true;
;;;;;;;;;;31/07/15 02:27;1.1 ms;172.16.128.1;true;
;;;;;;;;;;31/07/15 01:27;1.02 ms;172.16.128.1;true;
;;;;;;;;;;31/07/15 00:27;0.96 ms;172.16.128.1;true;
;;;;;;;;;;30/07/15 23:27;1.12 ms;172.16.128.1;true;
;;;;;;;;;;30/07/15 22:27;1.05 ms;172.16.128.1;true;
;;;;;;;;;;30/07/15 21:27;0.89 ms;172.16.128.1;true;
;;;;;;;;;;30/07/15 20:27;1.14 ms;172.16.128.1;true;
;;;;;;;;;;30/07/15 19:27;1.09 ms;172.16.128.1;true;
;;;;;;;;;;30/07/15 18:27;0.44 ms;192.168.0.1;true;
;;;;;;;;;;30/07/15 18:27;1.11 ms;172.16.128.1;true;
;;;;;;;;;;30/07/15 17:27;0.98 ms;172.16.128.1;true;
;;;;;;;;;;30/07/15 16:27;0.98 ms;172.16.128.1;true;
;;;;;;;;;;30/07/15 15:27;1.02 ms;172.16.128.1;true;
;;;;;;;;;;30/07/15 14:27;0.41 ms;192.168.0.1;true;
;;;;;;;;;;30/07/15 13:27;1.11 ms;172.16.128.1;true;
;;;;;;;;;;30/07/15 12:27;0.96 ms;172.16.128.1;true;
;;;;;;;;;;30/07/15 11:27;1.01 ms;172.16.128.1;true;
;;;;;;;;;;30/07/15 10:27;0.97 ms;172.16.128.1;true;
;;;;;;;;;;30/07/15 09:27;0.98 ms;172.16.128.1;true;
;;;;;;;;;;30/07/15 08:27;0.92 ms;172.16.128.1;true;
;;;;;;;;;;30/07/15 07:27;0.9 ms;172.16.128.1;true;
;;;;;;;;;;30/07/15 06:27;1.08 ms;172.16.128.1;true;
;;;;;;;;;;30/07/15 05:27;1.19 ms;172.16.128.1;true;
;;;;;;;;;;30/07/15 04:27;1.05 ms;172.16.128.1;true;
;;;;;;;;;;30/07/15 03:27;1.06 ms;172.16.128.1;true;
;;;;;;;;;;30/07/15 02:27;1.01 ms;172.16.128.1;true;
;;;;;;;;;;30/07/15 01:27;0.89 ms;172.16.128.1;true;
;;;;;;;;;;30/07/15 00:27;1.12 ms;172.16.128.1;true;
;;;;;;;;;;29/07/15 23:27;1.26 ms;172.16.128.1;true;
;;;;;;;;;;29/07/15 22:27;0.95 ms;172.16.128.1;true;
;;;;;;;;;;29/07/15 21:27;1.3 ms;172.16.128.1;true;
;;;;;;;;;;29/07/15 20:27;1.06 ms;172.16.128.1;true;
;;;;;;;;;;29/07/15 19:27;0.94 ms;172.16.128.1;true;
;;;;;;;;;;29/07/15 18:27;1.42 ms;172.16.128.1;true;
;;;;;;;;;;29/07/15 17:27;1.11 ms;172.16.128.1;true;
;;;;;;;;;;29/07/15 15:27;1.09 ms;172.16.128.1;true;
;;;;;;;;;;29/07/15 14:27;1.0 ms;172.16.128.1;true;
;;;;;;;;;;29/07/15 13:27;1.32 ms;172.16.128.1;true;
;;;;;;;;;;29/07/15 12:27;1.16 ms;172.16.128.1;true;
;;;;;;;;;;29/07/15 11:27;1.0 ms;172.16.128.1;true;
;;;;;;;;;;29/07/15 10:27;0.95 ms;172.16.128.1;true;
;;;;;;;;;;29/07/15 09:27;0.98 ms;172.16.128.1;true;
;;;;;;;;;;29/07/15 08:27;0.59 ms;10.0.1.1;true;
;;;;;;;;;;29/07/15 07:27;1.2 ms;172.16.128.1;true;
;;;;;;;;;;29/07/15 06:27;0.96 ms;172.16.128.1;true;
;;;;;;;;;;29/07/15 04:27;0.94 ms;172.16.128.1;true;
;;;;;;;;;;29/07/15 03:27;4.4 ms;177.131.112.138;true;
;;;;;;;;;;29/07/15 03:27;0.96 ms;172.16.128.1;true;
;;;;;;;;;;29/07/15 02:27;1.07 ms;172.16.128.1;true;
;;;;;;;;;;29/07/15 01:27;0.96 ms;172.16.128.1;true;
;;;;;;;;;;29/07/15 00:27;1.35 ms;172.16.128.1;true;
;;;;;;;;;;28/07/15 23:27;0.99 ms;172.16.128.1;true;
;;;;;;;;;;28/07/15 22:27;0.89 ms;172.16.128.1;true;
;;;;;;;;;;28/07/15 21:27;0.93 ms;172.16.128.1;true;
;;;;;;;;;;28/07/15 20:27;27.36 ms;172.16.128.1;true;
;;;;;;;;;;28/07/15 19:27;1.28 ms;172.16.128.1;true;
;;;;;;;;;;28/07/15 18:27;0.92 ms;172.16.128.1;true;
;;;;;;;;;;28/07/15 17:27;1.03 ms;172.16.128.1;true;
;;;;;;;;;;28/07/15 16:27;1.07 ms;172.16.128.1;true;
;;;;;;;;;;28/07/15 15:27;0.87 ms;172.16.128.1;true;
;;;;;;;;;;28/07/15 14:27;13.46 ms;172.16.128.1;true;
;;;;;;;;;;28/07/15 13:27;0.98 ms;172.16.128.1;true;
;;;;;;;;;;28/07/15 12:27;1.02 ms;172.16.128.1;true;
;;;;;;;;;;28/07/15 11:27;0.88 ms;172.16.128.1;true;
;;;;;;;;;;28/07/15 10:27;0.92 ms;172.16.128.1;true;
;;;;;;;;;;28/07/15 09:27;0.96 ms;172.16.128.1;true;
;;;;;;;;;;28/07/15 08:27;0.91 ms;172.16.128.1;true;
;;;;;;;;;;28/07/15 07:27;1.17 ms;172.16.128.1;true;
;;;;;;;;;;28/07/15 06:49;0.94 ms;172.16.128.1;true;
;;;;;;;;;;28/07/15 05:27;1.04 ms;172.16.128.1;true;
;;;;;;;;;;28/07/15 04:27;0.96 ms;172.16.128.1;true;
;;;;;;;;;;28/07/15 03:27;1.1 ms;172.16.128.1;true;
;;;;;;;;;;28/07/15 02:27;1.15 ms;172.16.128.1;true;
;;;;;;;;;;28/07/15 01:27;1.0 ms;172.16.128.1;true;
;;;;;;;;;;28/07/15 00:27;0.92 ms;172.16.128.1;true;
;;;;;;;;;;27/07/15 23:27;1.25 ms;172.16.128.1;true;
;;;;;;;;;;27/07/15 22:27;1.21 ms;172.16.128.1;true;
;;;;;;;;;;27/07/15 21:27;0.87 ms;172.16.128.1;true;
;;;;;;;;;;27/07/15 20:27;1.25 ms;172.16.128.1;true;
;;;;;;;;;;27/07/15 19:27;1.0 ms;172.16.128.1;true;
;;;;;;;;;;27/07/15 18:27;1.29 ms;172.16.128.1;true;
;;;;;;;;;;27/07/15 17:27;0.94 ms;172.16.128.1;true;
;;;;;;;;;;27/07/15 16:27;0.95 ms;172.16.128.1;true;
;;;;;;;;;;27/07/15 15:27;0.95 ms;172.16.128.1;true;
;;;;;;;;;;27/07/15 14:27;0.99 ms;172.16.128.1;true;
;;;;;;;;;;27/07/15 13:27;1.05 ms;172.16.128.1;true;
;;;;;;;;;;27/07/15 12:27;0.94 ms;172.16.128.1;true;
;;;;;;;;;;27/07/15 11:27;1.04 ms;172.16.128.1;true;
;;;;;;;;;;27/07/15 09:27;6.36 ms;172.16.128.1;true;
;;;;;;;;;;27/07/15 08:27;1.04 ms;172.16.128.1;true;
;;;;;;;;;;27/07/15 07:27;0.93 ms;172.16.128.1;true;
;;;;;;;;;;27/07/15 06:27;0.68 ms;192.168.88.1;true;
;;;;;;;;;;27/07/15 06:27;1.06 ms;172.16.128.1;true;
;;;;;;;;;;27/07/15 05:27;0.87 ms;10.100.6.1;true;
;;;;;;;;;;27/07/15 05:27;0.92 ms;172.16.128.1;true;
;;;;;;;;;;27/07/15 04:27;1.06 ms;172.16.128.1;true;
;;;;;;;;;;27/07/15 03:27;1.04 ms;172.16.128.1;true;
;;;;;;;;;;27/07/15 02:27;1.04 ms;172.16.128.1;true;
;;;;;;;;;;27/07/15 01:27;1.04 ms;172.16.128.1;true;
;;;;;;;;;;27/07/15 00:27;1.23 ms;172.16.128.1;true;
;;;;;;;;;;26/07/15 23:27;0.96 ms;172.16.128.1;true;
;;;;;;;;;;26/07/15 22:27;0.91 ms;172.16.128.1;true;
;;;;;;;;;;26/07/15 21:27;0.88 ms;172.16.128.1;true;
;;;;;;;;;;26/07/15 20:27;1.04 ms;172.16.128.1;true;
;;;;;;;;;;26/07/15 19:27;1.0 ms;172.16.128.1;true;
;;;;;;;;;;26/07/15 18:27;1.01 ms;172.16.128.1;true;
;;;;;;;;;;26/07/15 17:27;1.27 ms;172.16.128.1;true;
;;;;;;;;;;26/07/15 16:27;0.9 ms;172.16.128.1;true;
;;;;;;;;;;26/07/15 15:27;1.01 ms;172.16.128.1;true;
;;;;;;;;;;26/07/15 14:29;0.91 ms;172.16.128.1;true;
;;;;;;;;;;26/07/15 14:27;0.94 ms;172.16.128.1;true;
;;;;;;;;;;26/07/15 13:27;0.93 ms;172.16.128.1;true;
;;;;;;;;;;26/07/15 12:27;0.92 ms;172.16.128.1;true;
;;;;;;;;;;26/07/15 11:27;0.97 ms;172.16.128.1;true;
;;;;;;;;;;26/07/15 10:27;0.88 ms;172.16.128.1;true;
;;;;;;;;;;26/07/15 09:27;0.93 ms;172.16.128.1;true;
;;;;;;;;;;26/07/15 08:27;0.92 ms;172.16.128.1;true;
;;;;;;;;;;26/07/15 07:27;0.96 ms;172.16.128.1;true;
;;;;;;;;;;26/07/15 06:27;1.08 ms;172.16.128.1;true;
;;;;;;;;;;26/07/15 05:27;0.43 ms;192.168.10.253;true;
;;;;;;;;;;26/07/15 05:27;1.1 ms;172.16.128.1;true;
;;;;;;;;;;26/07/15 04:27;1.02 ms;172.16.128.1;true;
;;;;;;;;;;26/07/15 03:27;0.92 ms;172.16.128.1;true;
;;;;;;;;;;26/07/15 02:27;1.11 ms;172.16.128.1;true;
;;;;;;;;;;26/07/15 01:27;1.1 ms;172.16.128.1;true;
;;;;;;;;;;26/07/15 00:27;0.92 ms;172.16.128.1;true;
;;;;;;;;;;25/07/15 23:27;0.9 ms;172.16.128.1;true;
;;;;;;;;;;25/07/15 22:27;1.03 ms;172.16.128.1;true;
;;;;;;;;;;25/07/15 21:27;0.95 ms;172.16.128.1;true;
;;;;;;;;;;25/07/15 20:27;0.95 ms;172.16.128.1;true;
;;;;;;;;;;25/07/15 19:27;0.95 ms;172.16.128.1;true;
;;;;;;;;;;25/07/15 18:27;2.02 ms;192.168.100.252;true;
;;;;;;;;;;25/07/15 18:27;0.98 ms;172.16.128.1;true;
;;;;;;;;;;25/07/15 17:27;0.96 ms;172.16.128.1;true;
;;;;;;;;;;25/07/15 16:27;1.18 ms;172.16.128.1;true;
;;;;;;;;;;25/07/15 15:27;1.22 ms;172.16.128.1;true;
;;;;;;;;;;25/07/15 14:27;0.72 ms;192.168.0.1;true;
;;;;;;;;;;25/07/15 14:27;1.08 ms;172.16.128.1;true;
;;;;;;;;;;25/07/15 13:27;1.08 ms;172.16.128.1;true;
;;;;;;;;;;25/07/15 12:27;0.87 ms;172.16.128.1;true;
;;;;;;;;;;25/07/15 11:27;0.97 ms;172.16.128.1;true;
;;;;;;;;;;25/07/15 10:27;0.95 ms;172.16.128.1;true;
;;;;;;;;;;25/07/15 09:27;1.11 ms;172.16.128.1;true;
;;;;;;;;;;25/07/15 08:27;0.96 ms;172.16.128.1;true;
;;;;;;;;;;25/07/15 07:27;1.11 ms;172.16.128.1;true;
;;;;;;;;;;25/07/15 06:27;0.66 ms;192.168.88.1;true;
;;;;;;;;;;25/07/15 06:27;1.13 ms;172.16.128.1;true;
;;;;;;;;;;25/07/15 05:27;1.84 ms;177.131.112.138;true;
;;;;;;;;;;25/07/15 05:27;0.98 ms;172.16.128.1;true;
;;;;;;;;;;25/07/15 03:27;1.08 ms;172.16.128.1;true;
;;;;;;;;;;25/07/15 02:27;0.88 ms;172.16.128.1;true;
;;;;;;;;;;25/07/15 01:27;0.96 ms;172.16.128.1;true;
;;;;;;;;;;25/07/15 00:27;1.02 ms;172.16.128.1;true;
;;;;;;;;;;24/07/15 23:27;1.08 ms;172.16.128.1;true;
;;;;;;;;;;24/07/15 21:27;0.97 ms;172.16.128.1;true;
;;;;;;;;;;24/07/15 20:27;0.92 ms;172.16.128.1;true;
;;;;;;;;;;24/07/15 19:27;1.01 ms;172.16.128.1;true;
;;;;;;;;;;24/07/15 18:27;1.17 ms;172.16.128.1;true;
;;;;;;;;;;24/07/15 17:27;1.97 ms;172.16.128.1;true;
;;;;;;;;;;24/07/15 16:27;1.22 ms;172.16.128.1;true;
;;;;;;;;;;24/07/15 15:27;1.12 ms;172.16.128.1;true;
;;;;;;;;;;24/07/15 14:27;0.99 ms;172.16.128.1;true;
;;;;;;;;;;24/07/15 12:27;0.98 ms;172.16.128.1;true;
;;;;;;;;;;24/07/15 11:27;1.17 ms;172.16.128.1;true;
;;;;;;;;;;24/07/15 10:27;0.98 ms;172.16.128.1;true;
;;;;;;;;;;24/07/15 09:27;0.94 ms;172.16.128.1;true;
;;;;;;;;;;24/07/15 08:27;0.94 ms;172.16.128.1;true;
;;;;;;;;;;24/07/15 07:27;1.08 ms;172.16.128.1;true;
;;;;;;;;;;24/07/15 06:27;1.17 ms;172.16.128.1;true;
;;;;;;;;;;24/07/15 05:27;1.13 ms;172.16.128.1;true;
;;;;;;;;;;24/07/15 04:27;0.91 ms;172.16.128.1;true;
;;;;;;;;;;24/07/15 03:27;1.18 ms;172.16.128.1;true;
;;;;;;;;;;24/07/15 02:27;0.9 ms;172.16.128.1;true;
;;;;;;;;;;24/07/15 01:27;0.97 ms;172.16.128.1;true;
;;;;;;;;;;24/07/15 00:27;0.94 ms;172.16.128.1;true;
;;;;;;;;;;23/07/15 23:27;1.21 ms;172.16.128.1;true;
;;;;;;;;;;23/07/15 22:27;0.89 ms;172.16.128.1;true;
;;;;;;;;;;23/07/15 21:27;1.1 ms;172.16.128.1;true;
;;;;;;;;;;23/07/15 20:27;1.06 ms;172.16.128.1;true;
;;;;;;;;;;23/07/15 19:27;1.01 ms;172.16.128.1;true;
;;;;;;;;;;23/07/15 17:27;0.98 ms;172.16.128.1;true;
;;;;;;;;;;23/07/15 15:27;1.08 ms;172.16.128.1;true;
;;;;;;;;;;23/07/15 14:27;1.26 ms;172.16.128.1;true;
;;;;;;;;;;23/07/15 13:27;1.27 ms;172.16.128.1;true;
;;;;;;;;;;23/07/15 12:27;1.05 ms;172.16.128.1;true;
;;;;;;;;;;23/07/15 11:27;0.94 ms;172.16.128.1;true;
;;;;;;;;;;23/07/15 10:27;0.96 ms;172.16.128.1;true;
;;;;;;;;;;23/07/15 09:27;1.11 ms;172.16.128.1;true;
;;;;;;;;;;23/07/15 08:27;1.08 ms;172.16.128.1;true;
;;;;;;;;;;23/07/15 07:27;1.14 ms;172.16.128.1;true;
;;;;;;;;;;23/07/15 06:27;1.07 ms;172.16.128.1;true;
;;;;;;;;;;23/07/15 05:27;0.93 ms;172.16.128.1;true;
;;;;;;;;;;23/07/15 04:27;1.21 ms;172.16.128.1;true;
;;;;;;;;;;23/07/15 03:27;0.95 ms;172.16.128.1;true;
;;;;;;;;;;23/07/15 02:27;1.0 ms;172.16.128.1;true;
;;;;;;;;;;23/07/15 01:27;0.92 ms;172.16.128.1;true;
;;;;;;;;;;23/07/15 00:27;0.93 ms;172.16.128.1;true;
;;;;;;;;;;22/07/15 23:27;0.94 ms;172.16.128.1;true;
;;;;;;;;;;22/07/15 22:27;1.05 ms;172.16.128.1;true;
;;;;;;;;;;22/07/15 21:27;1.24 ms;172.16.128.1;true;
;;;;;;;;;;22/07/15 20:27;1.03 ms;172.16.128.1;true;
;;;;;;;;;;22/07/15 19:27;1.06 ms;172.16.128.1;true;
;;;;;;;;;;22/07/15 18:27;0.92 ms;172.16.128.1;true;
;;;;;;;;;;22/07/15 17:27;1.0 ms;172.16.128.1;true;
;;;;;;;;;;22/07/15 16:27;1.88 ms;172.16.128.1;true;
;;;;;;;;;;22/07/15 15:27;1.34 ms;172.16.128.1;true;
;;;;;;;;;;22/07/15 14:27;1.22 ms;172.16.128.1;true;
;;;;;;;;;;22/07/15 13:27;0.93 ms;172.16.128.1;true;
;;;;;;;;;;22/07/15 12:27;0.93 ms;172.16.128.1;true;
;;;;;;;;;;22/07/15 11:27;1.04 ms;172.16.128.1;true;
;;;;;;;;;;22/07/15 10:27;1.23 ms;172.16.128.1;true;
;;;;;;;;;;22/07/15 09:27;1.05 ms;172.16.128.1;true;
;;;;;;;;;;22/07/15 08:27;0.96 ms;172.16.128.1;true;
;;;;;;;;;;22/07/15 07:27;0.94 ms;172.16.128.1;true;
;;;;;;;;;;22/07/15 06:27;1.15 ms;172.16.128.1;true;
;;;;;;;;;;22/07/15 05:27;1.01 ms;172.16.128.1;true;
;;;;;;;;;;22/07/15 04:27;13.14 ms;187.106.92.1;true;
;;;;;;;;;;22/07/15 04:27;1.04 ms;172.16.128.1;true;
;;;;;;;;;;22/07/15 03:27;0.95 ms;172.16.128.1;true;
;;;;;;;;;;22/07/15 02:27;1.17 ms;172.16.128.1;true;
;;;;;;;;;;22/07/15 01:27;1.05 ms;172.16.128.1;true;
;;;;;;;;;;22/07/15 00:27;0.95 ms;172.16.128.1;true;
;;;;;;;;;;21/07/15 23:27;1.07 ms;172.16.128.1;true;
;;;;;;;;;;21/07/15 21:27;0.89 ms;172.16.128.1;true;
;;;;;;;;;;21/07/15 20:27;0.98 ms;172.16.128.1;true;
;;;;;;;;;;21/07/15 19:27;1.07 ms;172.16.128.1;true;
;;;;;;;;;;21/07/15 18:27;0.94 ms;172.16.128.1;true;
;;;;;;;;;;21/07/15 17:27;0.97 ms;172.16.128.1;true;
;;;;;;;;;;21/07/15 16:27;1.01 ms;172.16.128.1;true;
;;;;;;;;;;21/07/15 15:27;1.05 ms;172.16.128.1;true;
;;;;;;;;;;21/07/15 14:27;1.08 ms;172.16.128.1;true;
;;;;;;;;;;21/07/15 13:27;1.27 ms;172.16.128.1;true;
;;;;;;;;;;21/07/15 12:27;1.29 ms;172.16.128.1;true;
;;;;;;;;;;21/07/15 11:27;1.07 ms;172.16.128.1;true;
;;;;;;;;;;21/07/15 10:27;0.9 ms;172.16.128.1;true;
;;;;;;;;;;21/07/15 09:27;1.03 ms;172.16.128.1;true;
;;;;;;;;;;21/07/15 08:27;0.92 ms;172.16.128.1;true;
;;;;;;;;;;21/07/15 07:27;0.96 ms;172.16.128.1;true;
;;;;;;;;;;21/07/15 06:27;0.99 ms;172.16.128.1;true;
;;;;;;;;;;21/07/15 05:27;0.94 ms;172.16.128.1;true;
;;;;;;;;;;21/07/15 04:27;1.11 ms;172.16.128.1;true;
;;;;;;;;;;21/07/15 03:27;1.06 ms;172.16.128.1;true;
;;;;;;;;;;21/07/15 02:27;1.07 ms;172.16.128.1;true;
;;;;;;;;;;21/07/15 01:27;0.98 ms;172.16.128.1;true;
;;;;;;;;;;21/07/15 00:27;0.98 ms;172.16.128.1;true;
;;;;;;;;;;20/07/15 23:27;1.26 ms;172.16.128.1;true;
;;;;;;;;;;20/07/15 22:27;0.95 ms;172.16.128.1;true;
;;;;;;;;;;20/07/15 21:27;0.97 ms;172.16.128.1;true;
;;;;;;;;;;20/07/15 20:27;0.94 ms;172.16.128.1;true;
;;;;;;;;;;20/07/15 19:27;0.42 ms;186.232.134.1;true;
;;;;;;;;;;20/07/15 19:27;0.95 ms;172.16.128.1;true;
;;;;;;;;;;20/07/15 18:27;0.42 ms;186.232.134.1;true;
;;;;;;;;;;20/07/15 18:27;0.86 ms;172.16.128.1;true;
;;;;;;;;;;20/07/15 17:27;1.01 ms;172.16.128.1;true;
;;;;;;;;;;20/07/15 16:27;1.07 ms;172.16.128.1;true;
;;;;;;;;;;20/07/15 15:27;1.3 ms;172.16.128.1;true;
;;;;;;;;;;20/07/15 14:27;1.16 ms;172.16.128.1;true;
;;;;;;;;;;20/07/15 13:27;1.03 ms;172.16.128.1;true;
;;;;;;;;;;20/07/15 12:27;2.43 ms;172.16.128.1;true;
;;;;;;;;;;20/07/15 11:27;2.54 ms;172.16.128.1;true;
;;;;;;;;;;20/07/15 10:27;0.93 ms;172.16.128.1;true;
;;;;;;;;;;20/07/15 09:27;1.19 ms;172.16.128.1;true;
;;;;;;;;;;20/07/15 08:27;0.87 ms;172.16.128.1;true;
;;;;;;;;;;20/07/15 07:27;1.02 ms;172.16.128.1;true;
;;;;;;;;;;20/07/15 07:27;0.42 ms;186.232.134.1;true;
;;;;;;;;;;20/07/15 06:27;0.9 ms;172.16.128.1;true;
;;;;;;;;;;20/07/15 05:27;1.02 ms;172.16.128.1;true;
;;;;;;;;;;20/07/15 04:27;1.02 ms;172.16.128.1;true;
;;;;;;;;;;20/07/15 03:27;0.97 ms;172.16.128.1;true;
;;;;;;;;;;20/07/15 02:27;0.9 ms;172.16.128.1;true;
;;;;;;;;;;20/07/15 01:27;1.0 ms;172.16.128.1;true;
;;;;;;;;;;20/07/15 00:27;0.94 ms;172.16.128.1;true;
;;;;;;;;;;19/07/15 23:27;0.41 ms;186.232.134.1;true;
;;;;;;;;;;19/07/15 23:27;0.89 ms;172.16.128.1;true;
;;;;;;;;;;19/07/15 22:27;0.93 ms;172.16.128.1;true;
;;;;;;;;;;19/07/15 21:27;1.08 ms;172.16.128.1;true;
;;;;;;;;;;19/07/15 20:27;0.91 ms;172.16.128.1;true;
;;;;;;;;;;19/07/15 19:27;1.73 ms;177.75.160.170;true;
;;;;;;;;;;19/07/15 18:27;0.95 ms;172.16.128.1;true;
;;;;;;;;;;19/07/15 17:27;0.93 ms;172.16.128.1;true;
;;;;;;;;;;19/07/15 16:27;0.97 ms;172.16.128.1;true;
;;;;;;;;;;19/07/15 15:27;0.99 ms;172.16.128.1;true;
;;;;;;;;;;19/07/15 14:27;1.5 ms;172.16.128.1;true;
;;;;;;;;;;19/07/15 13:27;0.98 ms;172.16.128.1;true;
;;;;;;;;;;19/07/15 12:27;0.94 ms;172.16.128.1;true;
;;;;;;;;;;19/07/15 10:27;0.96 ms;172.16.128.1;true;
;;;;;;;;;;19/07/15 09:27;1.15 ms;172.16.128.1;true;
;;;;;;;;;;19/07/15 08:27;0.9 ms;172.16.128.1;true;
;;;;;;;;;;19/07/15 07:27;1.03 ms;172.16.128.1;true;
;;;;;;;;;;19/07/15 06:27;0.91 ms;172.16.128.1;true;
;;;;;;;;;;19/07/15 05:27;0.93 ms;172.16.128.1;true;
;;;;;;;;;;19/07/15 04:27;1.09 ms;172.16.128.1;true;
;;;;;;;;;;19/07/15 03:27;1.2 ms;172.16.128.1;true;
;;;;;;;;;;19/07/15 02:27;1.08 ms;172.16.128.1;true;
;;;;;;;;;;19/07/15 01:27;1.39 ms;172.16.128.1;true;
;;;;;;;;;;19/07/15 00:27;0.87 ms;172.16.128.1;true;
;;;;;;;;;;18/07/15 21:27;0.93 ms;172.16.128.1;true;
;;;;;;;;;;18/07/15 20:27;6.12 ms;172.16.128.1;true;
;;;;;;;;;;18/07/15 19:27;0.98 ms;172.16.128.1;true;
;;;;;;;;;;18/07/15 18:27;2.08 ms;192.168.100.252;true;
;;;;;;;;;;18/07/15 18:27;0.99 ms;172.16.128.1;true;
;;;;;;;;;;18/07/15 17:27;1.03 ms;172.16.128.1;true;
;;;;;;;;;;18/07/15 16:27;1.44 ms;172.16.128.1;true;
;;;;;;;;;;18/07/15 15:27;7.01 ms;179.223.160.1;true;
;;;;;;;;;;18/07/15 15:27;1.18 ms;172.16.128.1;true;
;;;;;;;;;;18/07/15 14:27;0.96 ms;172.16.128.1;true;
;;;;;;;;;;18/07/15 13:27;1.06 ms;172.16.128.1;true;
;;;;;;;;;;18/07/15 12:27;0.9 ms;172.16.128.1;true;
;;;;;;;;;;18/07/15 11:27;1.24 ms;172.16.128.1;true;
;;;;;;;;;;18/07/15 10:27;1.0 ms;172.16.128.1;true;
;;;;;;;;;;18/07/15 09:27;1.04 ms;172.16.128.1;true;
;;;;;;;;;;18/07/15 08:27;1.04 ms;172.16.128.1;true;
;;;;;;;;;;18/07/15 07:27;0.96 ms;172.16.128.1;true;
;;;;;;;;;;18/07/15 06:27;1.01 ms;172.16.128.1;true;
;;;;;;;;;;18/07/15 05:27;1.05 ms;172.16.128.1;true;
;;;;;;;;;;18/07/15 04:27;0.95 ms;172.16.128.1;true;
;;;;;;;;;;18/07/15 03:27;1.17 ms;172.16.128.1;true;
;;;;;;;;;;18/07/15 01:27;0.96 ms;172.16.128.1;true;
;;;;;;;;;;18/07/15 00:27;1.02 ms;172.16.128.1;true;
;;;;;;;;;;17/07/15 23:27;0.96 ms;172.16.128.1;true;
;;;;;;;;;;17/07/15 22:27;0.9 ms;172.16.128.1;true;
;;;;;;;;;;17/07/15 21:27;0.95 ms;172.16.128.1;true;
;;;;;;;;;;17/07/15 20:27;0.9 ms;172.16.128.1;true;
;;;;;;;;;;17/07/15 19:27;1.52 ms;192.168.0.1;true;
;;;;;;;;;;17/07/15 19:27;1.25 ms;172.16.128.1;true;
;;;;;;;;;;17/07/15 18:27;1.24 ms;172.16.128.1;true;
;;;;;;;;;;17/07/15 17:27;1.64 ms;192.168.133.151;true;
;;;;;;;;;;17/07/15 17:27;0.95 ms;172.16.128.1;true;
;;;;;;;;;;17/07/15 16:27;0.98 ms;172.16.128.1;true;
;;;;;;;;;;17/07/15 15:27;1.09 ms;172.16.128.1;true;
;;;;;;;;;;17/07/15 14:27;0.96 ms;172.16.128.1;true;
;;;;;;;;;;17/07/15 13:27;1.11 ms;172.16.128.1;true;
;;;;;;;;;;17/07/15 12:27;0.9 ms;172.16.128.1;true;
;;;;;;;;;;17/07/15 11:27;1.02 ms;172.16.128.1;true;
;;;;;;;;;;17/07/15 10:27;1.01 ms;172.16.128.1;true;
;;;;;;;;;;17/07/15 09:27;0.88 ms;172.16.128.1;true;
;;;;;;;;;;17/07/15 08:27;0.97 ms;172.16.128.1;true;
;;;;;;;;;;17/07/15 07:27;0.97 ms;172.16.128.1;true;
;;;;;;;;;;17/07/15 06:27;0.97 ms;172.16.128.1;true;
;;;;;;;;;;17/07/15 05:27;1.22 ms;172.16.128.1;true;
;;;;;;;;;;17/07/15 04:27;1.01 ms;172.16.128.1;true;
;;;;;;;;;;17/07/15 02:27;0.93 ms;172.16.128.1;true;
;;;;;;;;;;17/07/15 01:27;0.95 ms;172.16.128.1;true;
;;;;;;;;;;17/07/15 00:27;1.03 ms;172.16.128.1;true;
;;;;;;;;;;16/07/15 23:27;0.91 ms;172.16.128.1;true;
;;;;;;;;;;16/07/15 22:27;0.99 ms;172.16.128.1;true;
;;;;;;;;;;16/07/15 21:27;0.95 ms;172.16.128.1;true;
;;;;;;;;;;16/07/15 20:27;0.92 ms;172.16.128.1;true;
;;;;;;;;;;16/07/15 19:27;0.93 ms;172.16.128.1;true;
;;;;;;;;;;16/07/15 18:27;0.99 ms;172.16.128.1;true;
;;;;;;;;;;16/07/15 17:27;1.06 ms;172.16.128.1;true;
;;;;;;;;;;16/07/15 16:27;0.96 ms;172.16.128.1;true;
;;;;;;;;;;16/07/15 15:27;0.97 ms;172.16.128.1;true;
;;;;;;;;;;16/07/15 14:27;1.02 ms;172.16.128.1;true;
;;;;;;;;;;16/07/15 13:27;0.99 ms;172.16.128.1;true;
;;;;;;;;;;16/07/15 10:27;0.91 ms;172.16.128.1;true;
;;;;;;;;;;16/07/15 09:27;0.94 ms;172.16.128.1;true;
;;;;;;;;;;16/07/15 08:27;1.02 ms;172.16.128.1;true;
;;;;;;;;;;16/07/15 07:27;2.16 ms;192.168.0.1;true;
;;;;;;;;;;16/07/15 07:27;1.01 ms;172.16.128.1;true;
;;;;;;;;;;16/07/15 06:27;1.06 ms;172.16.128.1;true;
;;;;;;;;;;16/07/15 05:27;0.94 ms;172.16.128.1;true;
;;;;;;;;;;16/07/15 03:27;0.96 ms;172.16.128.1;true;
;;;;;;;;;;16/07/15 02:27;0.92 ms;172.16.128.1;true;
;;;;;;;;;;16/07/15 01:27;0.97 ms;172.16.128.1;true;
;;;;;;;;;;16/07/15 00:27;0.87 ms;172.16.128.1;true;
;;;;;;;;;;15/07/15 23:27;1.06 ms;172.16.128.1;true;
;;;;;;;;;;15/07/15 22:27;0.94 ms;172.16.128.1;true;
;;;;;;;;;;15/07/15 21:27;0.96 ms;172.16.128.1;true;
;;;;;;;;;;15/07/15 20:27;0.94 ms;172.16.128.1;true;
;;;;;;;;;;15/07/15 19:27;1.06 ms;172.16.128.1;true;
;;;;;;;;;;15/07/15 18:27;1.42 ms;172.16.128.1;true;
;;;;;;;;;;15/07/15 17:27;0.98 ms;172.16.128.1;true;
;;;;;;;;;;15/07/15 16:27;0.9 ms;172.16.128.1;true;
;;;;;;;;;;15/07/15 15:27;1.3 ms;172.16.128.1;true;
;;;;;;;;;;15/07/15 14:27;1.02 ms;172.16.128.1;true;
;;;;;;;;;;15/07/15 13:27;1.1 ms;172.16.128.1;true;
;;;;;;;;;;15/07/15 12:27;1.04 ms;172.16.128.1;true;
;;;;;;;;;;15/07/15 11:27;0.93 ms;172.16.128.1;true;
;;;;;;;;;;15/07/15 10:27;0.96 ms;172.16.128.1;true;
;;;;;;;;;;15/07/15 09:27;0.89 ms;172.16.128.1;true;
;;;;;;;;;;15/07/15 08:27;1.0 ms;172.16.128.1;true;
;;;;;;;;;;15/07/15 07:27;0.93 ms;172.16.128.1;true;
;;;;;;;;;;15/07/15 06:27;0.96 ms;172.16.128.1;true;
;;;;;;;;;;15/07/15 05:27;1.02 ms;172.16.128.1;true;
;;;;;;;;;;15/07/15 04:27;1.01 ms;172.16.128.1;true;
;;;;;;;;;;15/07/15 03:27;0.98 ms;172.16.128.1;true;
;;;;;;;;;;15/07/15 02:27;1.01 ms;172.16.128.1;true;
;;;;;;;;;;15/07/15 01:27;1.08 ms;172.16.128.1;true;
;;;;;;;;;;15/07/15 00:27;1.05 ms;172.16.128.1;true;
;;;;;;;;;;14/07/15 22:27;1.1 ms;172.16.128.1;true;
;;;;;;;;;;14/07/15 21:27;1.19 ms;172.16.128.1;true;
;;;;;;;;;;14/07/15 20:27;1.07 ms;172.16.128.1;true;
;;;;;;;;;;14/07/15 19:27;1.15 ms;172.16.128.1;true;
;;;;;;;;;;14/07/15 17:27;1.0 ms;172.16.128.1;true;
;;;;;;;;;;14/07/15 16:27;0.87 ms;172.16.128.1;true;
;;;;;;;;;;14/07/15 15:27;0.9 ms;172.16.128.1;true;
;;;;;;;;;;14/07/15 14:27;0.93 ms;172.16.128.1;true;
;;;;;;;;;;14/07/15 13:27;1.13 ms;172.16.128.1;true;
;;;;;;;;;;14/07/15 12:27;2.23 ms;172.16.128.1;true;
;;;;;;;;;;14/07/15 11:27;0.95 ms;172.16.128.1;true;
;;;;;;;;;;14/07/15 10:27;1.0 ms;172.16.128.1;true;
;;;;;;;;;;14/07/15 09:27;0.93 ms;172.16.128.1;true;
;;;;;;;;;;14/07/15 09:27;0.55 ms;192.168.10.253;true;
;;;;;;;;;;14/07/15 08:27;0.99 ms;172.16.128.1;true;
;;;;;;;;;;14/07/15 07:27;1.01 ms;172.16.128.1;true;
;;;;;;;;;;14/07/15 06:27;0.95 ms;172.16.128.1;true;
;;;;;;;;;;14/07/15 05:27;1.32 ms;172.16.128.1;true;
;;;;;;;;;;14/07/15 04:27;1.08 ms;172.16.128.1;true;
;;;;;;;;;;14/07/15 03:27;0.97 ms;172.16.128.1;true;
;;;;;;;;;;14/07/15 02:27;0.95 ms;172.16.128.1;true;
;;;;;;;;;;14/07/15 01:27;0.92 ms;172.16.128.1;true;
;;;;;;;;;;14/07/15 00:27;1.02 ms;172.16.128.1;true;
;;;;;;;;;;13/07/15 23:27;1.04 ms;172.16.128.1;true;
;;;;;;;;;;13/07/15 22:27;0.98 ms;172.16.128.1;true;
;;;;;;;;;;13/07/15 21:27;0.9 ms;172.16.128.1;true;
;;;;;;;;;;13/07/15 20:27;0.92 ms;172.16.128.1;true;
;;;;;;;;;;13/07/15 19:27;0.93 ms;172.16.128.1;true;
;;;;;;;;;;13/07/15 18:27;0.9 ms;172.16.128.1;true;
;;;;;;;;;;13/07/15 17:27;1.22 ms;172.16.128.1;true;
;;;;;;;;;;13/07/15 16:27;0.89 ms;172.16.128.1;true;
;;;;;;;;;;13/07/15 15:27;1.68 ms;172.16.128.1;true;
;;;;;;;;;;13/07/15 14:27;0.91 ms;172.16.128.1;true;
;;;;;;;;;;13/07/15 13:27;0.9 ms;172.16.128.1;true;
;;;;;;;;;;13/07/15 12:27;0.93 ms;172.16.128.1;true;
;;;;;;;;;;13/07/15 11:27;1.01 ms;172.16.128.1;true;
;;;;;;;;;;13/07/15 10:27;0.97 ms;172.16.128.1;true;
;;;;;;;;;;13/07/15 09:27;0.85 ms;172.16.128.1;true;
;;;;;;;;;;13/07/15 08:27;0.96 ms;172.16.128.1;true;
;;;;;;;;;;13/07/15 07:27;1.13 ms;172.16.128.1;true;
;;;;;;;;;;13/07/15 06:27;1.1 ms;172.16.128.1;true;
;;;;;;;;;;13/07/15 05:27;1.03 ms;172.16.128.1;true;
;;;;;;;;;;13/07/15 04:27;0.95 ms;172.16.128.1;true;
;;;;;;;;;;13/07/15 03:27;1.04 ms;172.16.128.1;true;
;;;;;;;;;;13/07/15 02:27;0.92 ms;172.16.128.1;true;
;;;;;;;;;;13/07/15 01:27;1.02 ms;172.16.128.1;true;
;;;;;;;;;;13/07/15 00:27;0.95 ms;172.16.128.1;true;
;;;;;;;;;;12/07/15 23:27;1.01 ms;172.16.128.1;true;
;;;;;;;;;;12/07/15 22:27;0.93 ms;172.16.128.1;true;
;;;;;;;;;;12/07/15 21:27;0.94 ms;172.16.128.1;true;
;;;;;;;;;;12/07/15 20:27;1.32 ms;172.16.128.1;true;
;;;;;;;;;;12/07/15 19:27;1.17 ms;172.16.128.1;true;
;;;;;;;;;;12/07/15 18:27;0.92 ms;172.16.128.1;true;
;;;;;;;;;;12/07/15 17:27;1.04 ms;172.16.128.1;true;
;;;;;;;;;;12/07/15 16:27;1.05 ms;172.16.128.1;true;
;;;;;;;;;;12/07/15 15:27;0.92 ms;172.16.128.1;true;
;;;;;;;;;;12/07/15 14:27;1.15 ms;172.16.128.1;true;
;;;;;;;;;;12/07/15 13:27;0.92 ms;172.16.128.1;true;
;;;;;;;;;;12/07/15 12:27;1.08 ms;172.16.128.1;true;
;;;;;;;;;;12/07/15 11:27;0.61 ms;192.168.88.1;true;
;;;;;;;;;;12/07/15 10:27;0.88 ms;172.16.128.1;true;
;;;;;;;;;;12/07/15 09:27;1.31 ms;172.16.128.1;true;
;;;;;;;;;;12/07/15 08:27;0.92 ms;172.16.128.1;true;
;;;;;;;;;;12/07/15 07:27;1.01 ms;172.16.128.1;true;
;;;;;;;;;;12/07/15 05:27;1.26 ms;172.16.128.1;true;
;;;;;;;;;;12/07/15 04:27;0.92 ms;172.16.128.1;true;
;;;;;;;;;;12/07/15 03:27;0.91 ms;172.16.128.1;true;
;;;;;;;;;;12/07/15 02:27;1.08 ms;172.16.128.1;true;
;;;;;;;;;;12/07/15 01:27;0.96 ms;172.16.128.1;true;
;;;;;;;;;;12/07/15 00:27;0.98 ms;172.16.128.1;true;
;;;;;;;;;;11/07/15 23:27;0.95 ms;172.16.128.1;true;
;;;;;;;;;;11/07/15 22:27;1.0 ms;172.16.128.1;true;
;;;;;;;;;;11/07/15 20:27;0.92 ms;172.16.128.1;true;
;;;;;;;;;;11/07/15 19:27;0.91 ms;172.16.128.1;true;
;;;;;;;;;;11/07/15 18:27;0.96 ms;172.16.128.1;true;
;;;;;;;;;;11/07/15 17:27;0.89 ms;172.16.128.1;true;
;;;;;;;;;;11/07/15 16:27;0.87 ms;172.16.128.1;true;
;;;;;;;;;;11/07/15 15:27;1.01 ms;172.16.128.1;true;
;;;;;;;;;;11/07/15 14:27;0.92 ms;172.16.128.1;true;
;;;;;;;;;;11/07/15 13:27;1.01 ms;172.16.128.1;true;
;;;;;;;;;;11/07/15 12:27;0.95 ms;172.16.128.1;true;
;;;;;;;;;;11/07/15 11:27;4.19 ms;177.131.112.138;true;
;;;;;;;;;;11/07/15 11:27;1.04 ms;172.16.128.1;true;
;;;;;;;;;;11/07/15 10:27;2.25 ms;172.16.128.1;true;
;;;;;;;;;;11/07/15 09:27;0.96 ms;172.16.128.1;true;
;;;;;;;;;;11/07/15 08:27;1.16 ms;172.16.128.1;true;
;;;;;;;;;;11/07/15 07:27;0.92 ms;172.16.128.1;true;
;;;;;;;;;;11/07/15 06:27;0.89 ms;172.16.128.1;true;
;;;;;;;;;;11/07/15 05:27;0.95 ms;172.16.128.1;true;
;;;;;;;;;;11/07/15 04:27;1.08 ms;172.16.128.1;true;
;;;;;;;;;;11/07/15 03:27;1.03 ms;172.16.128.1;true;
;;;;;;;;;;11/07/15 02:27;0.86 ms;172.16.128.1;true;
;;;;;;;;;;11/07/15 01:27;1.5 ms;192.168.0.1;true;
;;;;;;;;;;11/07/15 01:27;0.87 ms;172.16.128.1;true;
;;;;;;;;;;11/07/15 00:27;0.94 ms;172.16.128.1;true;
;;;;;;;;;;10/07/15 23:27;1.05 ms;172.16.128.1;true;
;;;;;;;;;;10/07/15 22:27;0.9 ms;172.16.128.1;true;
;;;;;;;;;;10/07/15 21:27;0.91 ms;172.16.128.1;true;
;;;;;;;;;;10/07/15 20:27;0.88 ms;172.16.128.1;true;
;;;;;;;;;;10/07/15 19:27;0.91 ms;172.16.128.1;true;
;;;;;;;;;;10/07/15 18:27;0.97 ms;172.16.128.1;true;
;;;;;;;;;;10/07/15 17:27;1.26 ms;172.16.128.1;true;
;;;;;;;;;;10/07/15 16:27;1.01 ms;172.16.128.1;true;
;;;;;;;;;;10/07/15 15:27;1.73 ms;172.16.128.1;true;
;;;;;;;;;;10/07/15 14:27;0.98 ms;172.16.128.1;true;
;;;;;;;;;;10/07/15 13:27;1.17 ms;172.16.128.1;true;
;;;;;;;;;;10/07/15 12:27;1.25 ms;172.16.128.1;true;
;;;;;;;;;;10/07/15 11:27;0.93 ms;172.16.128.1;true;
;;;;;;;;;;10/07/15 10:27;0.89 ms;172.16.128.1;true;
;;;;;;;;;;10/07/15 09:27;0.97 ms;172.16.128.1;true;
;;;;;;;;;;10/07/15 08:27;1.01 ms;172.16.128.1;true;
;;;;;;;;;;10/07/15 07:27;0.97 ms;172.16.128.1;true;
;;;;;;;;;;10/07/15 06:27;0.94 ms;172.16.128.1;true;
;;;;;;;;;;10/07/15 05:27;1.12 ms;172.16.128.1;true;
;;;;;;;;;;10/07/15 04:27;0.99 ms;172.16.128.1;true;
;;;;;;;;;;10/07/15 03:27;0.49 ms;192.168.10.253;true;
;;;;;;;;;;10/07/15 03:27;0.93 ms;172.16.128.1;true;
;;;;;;;;;;10/07/15 02:27;0.86 ms;172.16.128.1;true;
;;;;;;;;;;10/07/15 01:27;0.91 ms;172.16.128.1;true;
;;;;;;;;;;10/07/15 00:27;0.95 ms;172.16.128.1;true;
;;;;;;;;;;09/07/15 22:27;1.22 ms;172.16.128.1;true;
;;;;;;;;;;09/07/15 21:27;1.04 ms;172.16.128.1;true;
;;;;;;;;;;09/07/15 20:27;0.87 ms;172.16.128.1;true;
;;;;;;;;;;09/07/15 18:27;1.06 ms;172.16.128.1;true;
;;;;;;;;;;09/07/15 17:27;1.04 ms;172.16.128.1;true;
;;;;;;;;;;09/07/15 16:27;1.25 ms;172.16.128.1;true;
;;;;;;;;;;09/07/15 15:27;0.93 ms;172.16.128.1;true;
;;;;;;;;;;09/07/15 14:27;0.94 ms;172.16.128.1;true;
;;;;;;;;;;09/07/15 13:27;1.05 ms;172.16.128.1;true;
;;;;;;;;;;09/07/15 12:27;0.97 ms;172.16.128.1;true;
;;;;;;;;;;09/07/15 11:27;0.98 ms;172.16.128.1;true;
;;;;;;;;;;09/07/15 10:27;0.92 ms;172.16.128.1;true;
;;;;;;;;;;09/07/15 09:27;0.91 ms;172.16.128.1;true;
;;;;;;;;;;09/07/15 08:27;0.91 ms;172.16.128.1;true;
;;;;;;;;;;09/07/15 07:27;1.04 ms;172.16.128.1;true;
;;;;;;;;;;09/07/15 06:27;0.98 ms;172.16.128.1;true;
;;;;;;;;;;09/07/15 05:27;0.98 ms;172.16.128.1;true;
;;;;;;;;;;09/07/15 04:27;1.0 ms;172.16.128.1;true;
;;;;;;;;;;09/07/15 03:27;0.92 ms;172.16.128.1;true;
;;;;;;;;;;09/07/15 02:27;0.95 ms;172.16.128.1;true;
;;;;;;;;;;09/07/15 01:27;0.43 ms;186.232.134.1;true;
;;;;;;;;;;09/07/15 01:27;1.08 ms;172.16.128.1;true;
;;;;;;;;;;09/07/15 00:27;1.2 ms;172.16.128.1;true;
;;;;;;;;;;08/07/15 23:27;0.99 ms;172.16.128.1;true;
;;;;;;;;;;08/07/15 22:27;1.06 ms;172.16.128.1;true;
;;;;;;;;;;08/07/15 21:27;1.72 ms;172.16.128.1;true;
;;;;;;;;;;08/07/15 20:27;1.02 ms;172.16.128.1;true;
;;;;;;;;;;08/07/15 19:27;1.15 ms;172.16.128.1;true;
;;;;;;;;;;08/07/15 18:27;0.92 ms;172.16.128.1;true;
;;;;;;;;;;08/07/15 17:27;1.03 ms;172.16.128.1;true;
;;;;;;;;;;08/07/15 16:27;1.03 ms;172.16.128.1;true;
;;;;;;;;;;08/07/15 15:27;0.99 ms;172.16.128.1;true;
;;;;;;;;;;08/07/15 14:27;4.2 ms;172.16.128.1;true;
;;;;;;;;;;08/07/15 13:27;1.02 ms;172.16.128.1;true;
;;;;;;;;;;08/07/15 12:27;1.29 ms;172.16.128.1;true;
;;;;;;;;;;08/07/15 11:27;0.89 ms;172.16.128.1;true;
;;;;;;;;;;08/07/15 10:27;0.95 ms;172.16.128.1;true;
;;;;;;;;;;08/07/15 09:27;0.95 ms;172.16.128.1;true;
;;;;;;;;;;08/07/15 08:27;0.98 ms;172.16.128.1;true;
;;;;;;;;;;08/07/15 07:27;1.01 ms;172.16.128.1;true;
;;;;;;;;;;08/07/15 06:27;1.17 ms;172.16.128.1;true;
;;;;;;;;;;08/07/15 05:27;0.95 ms;172.16.128.1;true;
;;;;;;;;;;08/07/15 04:27;1.01 ms;172.16.128.1;true;
;;;;;;;;;;08/07/15 02:27;0.96 ms;172.16.128.1;true;
;;;;;;;;;;08/07/15 00:27;2.18 ms;172.16.128.1;true;
;;;;;;;;;;07/07/15 23:27;0.86 ms;172.16.128.1;true;
;;;;;;;;;;07/07/15 22:27;1.01 ms;172.16.128.1;true;
;;;;;;;;;;07/07/15 21:27;1.06 ms;172.16.128.1;true;
;;;;;;;;;;07/07/15 20:27;1.09 ms;172.16.128.1;true;
;;;;;;;;;;07/07/15 18:27;0.96 ms;172.16.128.1;true;
;;;;;;;;;;07/07/15 17:27;0.93 ms;172.16.128.1;true;
;;;;;;;;;;07/07/15 16:27;0.94 ms;172.16.128.1;true;
;;;;;;;;;;07/07/15 15:27;0.91 ms;172.16.128.1;true;
;;;;;;;;;;07/07/15 14:27;0.96 ms;172.16.128.1;true;
;;;;;;;;;;07/07/15 13:27;1.11 ms;172.16.128.1;true;
;;;;;;;;;;07/07/15 12:27;1.05 ms;172.16.128.1;true;
;;;;;;;;;;07/07/15 11:27;0.99 ms;172.16.128.1;true;
;;;;;;;;;;07/07/15 10:27;0.92 ms;172.16.128.1;true;
;;;;;;;;;;07/07/15 09:27;0.96 ms;172.16.128.1;true;
;;;;;;;;;;07/07/15 08:27;0.73 ms;200.160.6.1;true;
;;;;;;;;;;07/07/15 08:27;1.05 ms;172.16.128.1;true;
;;;;;;;;;;07/07/15 07:27;1.17 ms;172.16.128.1;true;
;;;;;;;;;;07/07/15 06:27;2.09 ms;172.16.128.1;true;
;;;;;;;;;;07/07/15 05:27;1.04 ms;172.16.128.1;true;
;;;;;;;;;;07/07/15 04:27;1.01 ms;172.16.128.1;true;
;;;;;;;;;;07/07/15 03:27;0.92 ms;172.16.128.1;true;
;;;;;;;;;;07/07/15 02:27;0.99 ms;172.16.128.1;true;
;;;;;;;;;;07/07/15 01:27;1.09 ms;172.16.128.1;true;
;;;;;;;;;;07/07/15 00:27;0.94 ms;172.16.128.1;true;
;;;;;;;;;;06/07/15 23:27;0.92 ms;172.16.128.1;true;
;;;;;;;;;;06/07/15 22:27;1.07 ms;172.16.128.1;true;
;;;;;;;;;;06/07/15 21:27;0.7 ms;192.168.0.1;true;
;;;;;;;;;;06/07/15 21:27;1.06 ms;172.16.128.1;true;
;;;;;;;;;;06/07/15 20:27;1.14 ms;172.16.128.1;true;
;;;;;;;;;;06/07/15 19:27;0.86 ms;172.16.128.1;true;
;;;;;;;;;;06/07/15 18:27;0.42 ms;186.232.134.1;true;
;;;;;;;;;;06/07/15 18:27;0.93 ms;172.16.128.1;true;
;;;;;;;;;;06/07/15 17:27;1.16 ms;172.16.128.1;true;
;;;;;;;;;;06/07/15 16:27;1.45 ms;172.16.128.1;true;
;;;;;;;;;;06/07/15 15:27;1.03 ms;172.16.128.1;true;
;;;;;;;;;;06/07/15 14:27;1.21 ms;172.16.128.1;true;
;;;;;;;;;;06/07/15 12:27;0.86 ms;172.16.128.1;true;
;;;;;;;;;;06/07/15 10:27;0.92 ms;172.16.128.1;true;
;;;;;;;;;;06/07/15 09:27;0.92 ms;172.16.128.1;true;
;;;;;;;;;;06/07/15 07:27;0.87 ms;172.16.128.1;true;
;;;;;;;;;;06/07/15 06:27;0.59 ms;10.193.1.1;true;
;;;;;;;;;;06/07/15 06:27;0.84 ms;172.16.128.1;true;
;;;;;;;;;;06/07/15 05:27;0.87 ms;172.16.128.1;true;
;;;;;;;;;;06/07/15 04:27;0.91 ms;172.16.128.1;true;
;;;;;;;;;;06/07/15 03:27;0.92 ms;172.16.128.1;true;
;;;;;;;;;;06/07/15 02:27;1.05 ms;172.16.128.1;true;
;;;;;;;;;;06/07/15 01:27;0.92 ms;172.16.128.1;true;
;;;;;;;;;;06/07/15 00:27;0.85 ms;172.16.128.1;true;
;;;;;;;;;;05/07/15 23:27;0.96 ms;172.16.128.1;true;
;;;;;;;;;;05/07/15 22:27;0.93 ms;172.16.128.1;true;
;;;;;;;;;;05/07/15 21:27;0.91 ms;172.16.128.1;true;
;;;;;;;;;;05/07/15 20:27;0.85 ms;172.16.128.1;true;
;;;;;;;;;;05/07/15 19:27;0.85 ms;172.16.128.1;true;
;;;;;;;;;;05/07/15 18:27;0.85 ms;172.16.128.1;true;
;;;;;;;;;;05/07/15 17:27;0.96 ms;172.16.128.1;true;
;;;;;;;;;;05/07/15 16:27;0.81 ms;200.160.6.1;true;
;;;;;;;;;;05/07/15 16:27;0.9 ms;172.16.128.1;true;
;;;;;;;;;;05/07/15 15:27;1.0 ms;172.16.128.1;true;
;;;;;;;;;;05/07/15 14:27;0.9 ms;172.16.128.1;true;
;;;;;;;;;;05/07/15 13:27;1.19 ms;172.16.128.1;true;
;;;;;;;;;;05/07/15 12:27;1.43 ms;172.16.128.1;true;
;;;;;;;;;;05/07/15 11:27;0.94 ms;172.16.128.1;true;
;;;;;;;;;;05/07/15 10:27;0.84 ms;172.16.128.1;true;
;;;;;;;;;;05/07/15 09:27;0.88 ms;172.16.128.1;true;
;;;;;;;;;;05/07/15 08:27;0.89 ms;172.16.128.1;true;
;;;;;;;;;;05/07/15 07:27;0.85 ms;172.16.128.1;true;
;;;;;;;;;;05/07/15 06:27;4.12 ms;192.168.100.252;true;
;;;;;;;;;;05/07/15 06:27;1.25 ms;172.16.128.1;true;
;;;;;;;;;;05/07/15 05:27;1.02 ms;172.16.128.1;true;
;;;;;;;;;;05/07/15 04:27;1.05 ms;172.16.128.1;true;
;;;;;;;;;;05/07/15 03:27;0.93 ms;172.16.128.1;true;
;;;;;;;;;;05/07/15 02:27;0.93 ms;172.16.128.1;true;
;;;;;;;;;;05/07/15 01:27;0.89 ms;172.16.128.1;true;
;;;;;;;;;;05/07/15 00:27;0.87 ms;172.16.128.1;true;
;;;;;;;;;;04/07/15 23:27;0.94 ms;172.16.128.1;true;
;;;;;;;;;;04/07/15 22:27;0.9 ms;172.16.128.1;true;
;;;;;;;;;;04/07/15 21:27;1.12 ms;172.16.128.1;true;
;;;;;;;;;;04/07/15 20:27;0.93 ms;172.16.128.1;true;
;;;;;;;;;;04/07/15 19:27;0.92 ms;172.16.128.1;true;
;;;;;;;;;;04/07/15 18:27;1.09 ms;172.16.128.1;true;
;;;;;;;;;;04/07/15 17:27;0.93 ms;172.16.128.1;true;
;;;;;;;;;;04/07/15 16:27;0.98 ms;172.16.128.1;true;
;;;;;;;;;;04/07/15 15:27;1.26 ms;172.16.128.1;true;
;;;;;;;;;;04/07/15 14:27;0.97 ms;172.16.128.1;true;
;;;;;;;;;;04/07/15 13:27;1.07 ms;172.16.128.1;true;
;;;;;;;;;;04/07/15 12:27;0.92 ms;172.16.128.1;true;
;;;;;;;;;;04/07/15 11:27;0.83 ms;172.16.128.1;true;
;;;;;;;;;;04/07/15 10:27;1.07 ms;172.16.128.1;true;
;;;;;;;;;;04/07/15 09:27;0.97 ms;172.16.128.1;true;
;;;;;;;;;;04/07/15 08:27;1.01 ms;172.16.128.1;true;
;;;;;;;;;;04/07/15 07:27;0.9 ms;172.16.128.1;true;
;;;;;;;;;;04/07/15 06:27;1.01 ms;172.16.128.1;true;
;;;;;;;;;;04/07/15 05:27;0.97 ms;172.16.128.1;true;
;;;;;;;;;;04/07/15 04:27;0.89 ms;172.16.128.1;true;
;;;;;;;;;;04/07/15 03:27;0.89 ms;172.16.128.1;true;
;;;;;;;;;;04/07/15 02:27;0.91 ms;172.16.128.1;true;
;;;;;;;;;;04/07/15 01:27;0.84 ms;172.16.128.1;true;
;;;;;;;;;;04/07/15 00:27;0.84 ms;172.16.128.1;true;
;;;;;;;;;;03/07/15 23:27;0.87 ms;172.16.128.1;true;
;;;;;;;;;;03/07/15 22:27;1.25 ms;172.16.128.1;true;
;;;;;;;;;;03/07/15 21:27;0.94 ms;172.16.128.1;true;
;;;;;;;;;;03/07/15 19:27;1.08 ms;172.16.128.1;true;
;;;;;;;;;;03/07/15 18:27;1.14 ms;172.16.128.1;true;
;;;;;;;;;;03/07/15 17:27;0.96 ms;172.16.128.1;true;
;;;;;;;;;;03/07/15 16:27;1.06 ms;172.16.128.1;true;
;;;;;;;;;;03/07/15 15:27;0.91 ms;172.16.128.1;true;
;;;;;;;;;;03/07/15 14:27;1.03 ms;172.16.128.1;true;
;;;;;;;;;;03/07/15 13:27;1.07 ms;172.16.128.1;true;
;;;;;;;;;;03/07/15 12:27;0.94 ms;172.16.128.1;true;
;;;;;;;;;;03/07/15 11:27;1.34 ms;172.16.128.1;true;
;;;;;;;;;;03/07/15 10:27;1.07 ms;172.16.128.1;true;
;;;;;;;;;;03/07/15 09:27;0.9 ms;172.16.128.1;true;
;;;;;;;;;;03/07/15 08:27;0.86 ms;172.16.128.1;true;
;;;;;;;;;;03/07/15 07:27;0.91 ms;172.16.128.1;true;
;;;;;;;;;;03/07/15 06:27;1.19 ms;172.16.128.1;true;
;;;;;;;;;;03/07/15 05:27;0.97 ms;172.16.128.1;true;
;;;;;;;;;;03/07/15 04:27;1.5 ms;172.16.128.1;true;
;;;;;;;;;;03/07/15 03:27;1.01 ms;172.16.128.1;true;
;;;;;;;;;;03/07/15 02:27;1.02 ms;172.16.128.1;true;
;;;;;;;;;;03/07/15 01:27;0.94 ms;172.16.128.1;true;
;;;;;;;;;;03/07/15 00:27;0.9 ms;172.16.128.1;true;
;;;;;;;;;;02/07/15 23:27;0.89 ms;172.16.128.1;true;
;;;;;;;;;;02/07/15 21:27;1.11 ms;172.16.128.1;true;
;;;;;;;;;;02/07/15 20:27;0.9 ms;172.16.128.1;true;
;;;;;;;;;;02/07/15 19:27;0.96 ms;172.16.128.1;true;
;;;;;;;;;;02/07/15 17:27;0.89 ms;172.16.128.1;true;
;;;;;;;;;;02/07/15 16:27;1.14 ms;172.16.128.1;true;
;;;;;;;;;;02/07/15 15:27;1.09 ms;172.16.128.1;true;
;;;;;;;;;;02/07/15 14:27;1.12 ms;172.16.128.1;true;
;;;;;;;;;;02/07/15 13:27;0.72 ms;192.168.88.1;true;
;;;;;;;;;;02/07/15 13:27;1.05 ms;172.16.128.1;true;
;;;;;;;;;;02/07/15 12:27;0.9 ms;172.16.128.1;true;
;;;;;;;;;;02/07/15 11:27;0.51 ms;192.168.10.253;true;
;;;;;;;;;;02/07/15 11:27;1.15 ms;172.16.128.1;true;
;;;;;;;;;;02/07/15 10:27;1.09 ms;192.168.254.254;true;
;;;;;;;;;;02/07/15 10:27;2.69 ms;172.16.128.1;true;
;;;;;;;;;;02/07/15 09:27;0.92 ms;172.16.128.1;true;
;;;;;;;;;;02/07/15 08:27;0.91 ms;172.16.128.1;true;
;;;;;;;;;;02/07/15 06:27;1.39 ms;172.16.128.1;true;
;;;;;;;;;;02/07/15 05:27;1.1 ms;172.16.128.1;true;
;;;;;;;;;;02/07/15 04:27;0.99 ms;172.16.128.1;true;
;;;;;;;;;;02/07/15 03:27;0.98 ms;172.16.128.1;true;
;;;;;;;;;;02/07/15 02:27;0.89 ms;172.16.128.1;true;
;;;;;;;;;;02/07/15 01:27;0.9 ms;172.16.128.1;true;
;;;;;;;;;;02/07/15 00:27;1.06 ms;172.16.128.1;true;
;;;;;;;;;;01/07/15 23:27;0.91 ms;172.16.128.1;true;
;;;;;;;;;;01/07/15 22:27;0.93 ms;172.16.128.1;true;
;;;;;;;;;;01/07/15 21:27;1.12 ms;172.16.128.1;true;
;;;;;;;;;;01/07/15 20:27;1.0 ms;172.16.128.1;true;
;;;;;;;;;;01/07/15 19:27;0.98 ms;172.16.128.1;true;
;;;;;;;;;;01/07/15 18:27;0.97 ms;172.16.128.1;true;
;;;;;;;;;;01/07/15 17:27;5.77 ms;177.131.112.138;true;
;;;;;;;;;;01/07/15 17:27;1.02 ms;172.16.128.1;true;
;;;;;;;;;;01/07/15 16:27;1.31 ms;172.16.128.1;true;
;;;;;;;;;;01/07/15 15:27;0.9 ms;172.16.128.1;true;
;;;;;;;;;;01/07/15 14:27;0.96 ms;172.16.128.1;true;
;;;;;;;;;;01/07/15 13:27;1.03 ms;172.16.128.1;true;
;;;;;;;;;;01/07/15 12:27;1.12 ms;172.16.128.1;true;
;;;;;;;;;;01/07/15 11:27;0.96 ms;172.16.128.1;true;
;;;;;;;;;;01/07/15 10:27;0.95 ms;172.16.128.1;true;
;;;;;;;;;;01/07/15 09:27;0.94 ms;172.16.128.1;true;
;;;;;;;;;;01/07/15 08:27;0.86 ms;172.16.128.1;true;
;;;;;;;;;;01/07/15 06:27;0.94 ms;172.16.128.1;true;
;;;;;;;;;;01/07/15 05:27;1.32 ms;172.16.128.1;true;
;;;;;;;;;;01/07/15 04:27;1.3 ms;172.16.128.1;true;
;;;;;;;;;;01/07/15 03:27;1.05 ms;172.16.128.1;true;
;;;;;;;;;;01/07/15 02:27;1.48 ms;172.16.128.1;true;
;;;;;;;;;;01/07/15 01:27;1.04 ms;172.16.128.1;true;
;;;;;;;;;;01/07/15 00:27;0.98 ms;172.16.128.1;true;
;;;;;;;;;;30/06/15 23:27;0.99 ms;172.16.128.1;true;
;;;;;;;;;;30/06/15 23:27;5.44 ms;177.131.112.138;true;
;;;;;;;;;;30/06/15 22:27;0.9 ms;172.16.128.1;true;
;;;;;;;;;;30/06/15 21:27;2.98 ms;172.16.128.1;true;
;;;;;;;;;;30/06/15 20:27;0.88 ms;172.16.128.1;true;
;;;;;;;;;;30/06/15 19:27;1.16 ms;172.16.128.1;true;
;;;;;;;;;;30/06/15 18:27;1.02 ms;172.16.128.1;true;
;;;;;;;;;;30/06/15 16:27;1.09 ms;172.16.128.1;true;
;;;;;;;;;;30/06/15 15:27;0.89 ms;172.16.128.1;true;
;;;;;;;;;;30/06/15 14:27;1.3 ms;172.16.128.1;true;
;;;;;;;;;;30/06/15 13:27;1.08 ms;172.16.128.1;true;
;;;;;;;;;;30/06/15 12:27;0.95 ms;172.16.128.1;true;
;;;;;;;;;;30/06/15 11:27;1.42 ms;172.16.128.1;true;
;;;;;;;;;;30/06/15 10:27;0.95 ms;172.16.128.1;true;
;;;;;;;;;;30/06/15 09:27;0.97 ms;172.16.128.1;true;
;;;;;;;;;;30/06/15 08:27;1.04 ms;172.16.128.1;true;
;;;;;;;;;;30/06/15 07:27;0.94 ms;172.16.128.1;true;
;;;;;;;;;;30/06/15 05:27;1.07 ms;172.16.128.1;true;
;;;;;;;;;;30/06/15 04:27;0.98 ms;172.16.128.1;true;
;;;;;;;;;;30/06/15 03:27;1.09 ms;172.16.128.1;true;
;;;;;;;;;;30/06/15 02:27;1.01 ms;172.16.128.1;true;
;;;;;;;;;;30/06/15 01:27;1.33 ms;192.168.135.47;true;
;;;;;;;;;;30/06/15 01:27;0.92 ms;172.16.128.1;true;
;;;;;;;;;;29/06/15 23:27;1.14 ms;172.16.128.1;true;
;;;;;;;;;;29/06/15 22:27;0.89 ms;172.16.128.1;true;
;;;;;;;;;;29/06/15 20:27;0.87 ms;172.16.128.1;true;
;;;;;;;;;;29/06/15 19:27;1.02 ms;10.100.6.1;true;
;;;;;;;;;;29/06/15 19:27;0.84 ms;172.16.128.1;true;
;;;;;;;;;;29/06/15 17:27;1.11 ms;172.16.128.1;true;
;;;;;;;;;;29/06/15 16:27;259.17 ms;172.16.128.1;true;
;;;;;;;;;;29/06/15 15:27;1.15 ms;172.16.128.1;true;
;;;;;;;;;;29/06/15 14:03;0.95 ms;172.16.128.1;true;
;;;;;;;;;;29/06/15 13:03;1.0 ms;172.16.128.1;true;
;;;;;;;;;;29/06/15 12:03;1.33 ms;172.16.128.1;true;
;;;;;;;;;;29/06/15 11:03;0.93 ms;172.16.128.1;true;
;;;;;;;;;;29/06/15 10:03;1.08 ms;172.16.128.1;true;
;;;;;;;;;;29/06/15 09:03;1.0 ms;172.16.128.1;true;
;;;;;;;;;;29/06/15 08:03;0.98 ms;172.16.128.1;true;
;;;;;;;;;;29/06/15 07:03;1.14 ms;172.16.128.1;true;
;;;;;;;;;;29/06/15 06:03;0.97 ms;172.16.128.1;true;
;;;;;;;;;;29/06/15 05:03;1.08 ms;172.16.128.1;true;
;;;;;;;;;;29/06/15 04:03;0.98 ms;172.16.128.1;true;
;;;;;;;;;;29/06/15 03:03;0.97 ms;172.16.128.1;true;
;;;;;;;;;;29/06/15 02:03;0.98 ms;172.16.128.1;true;
;;;;;;;;;;29/06/15 01:03;1.32 ms;172.16.128.1;true;
;;;;;;;;;;29/06/15 00:03;1.15 ms;172.16.128.1;true;
;;;;;;;;;;28/06/15 21:03;1.01 ms;172.16.128.1;true;
;;;;;;;;;;28/06/15 20:03;1.04 ms;172.16.128.1;true;
;;;;;;;;;;28/06/15 19:03;0.87 ms;172.16.128.1;true;
;;;;;;;;;;28/06/15 17:03;1.19 ms;172.16.128.1;true;
;;;;;;;;;;28/06/15 16:03;0.94 ms;172.16.128.1;true;
;;;;;;;;;;28/06/15 16:03;2.97 ms;177.131.112.138;true;
;;;;;;;;;;28/06/15 15:03;1.09 ms;172.16.128.1;true;
;;;;;;;;;;28/06/15 14:03;0.92 ms;172.16.128.1;true;
;;;;;;;;;;28/06/15 13:03;0.92 ms;172.16.128.1;true;
;;;;;;;;;;28/06/15 12:03;0.95 ms;172.16.128.1;true;
;;;;;;;;;;28/06/15 11:03;1.06 ms;172.16.128.1;true;
;;;;;;;;;;28/06/15 10:03;0.9 ms;172.16.128.1;true;
;;;;;;;;;;28/06/15 09:03;1.16 ms;172.16.128.1;true;
;;;;;;;;;;28/06/15 08:03;0.98 ms;172.16.128.1;true;
;;;;;;;;;;28/06/15 07:03;0.95 ms;172.16.128.1;true;
;;;;;;;;;;28/06/15 06:03;0.96 ms;172.16.128.1;true;
;;;;;;;;;;28/06/15 04:03;0.99 ms;172.16.128.1;true;
;;;;;;;;;;28/06/15 03:03;0.9 ms;172.16.128.1;true;
;;;;;;;;;;28/06/15 02:03;1.07 ms;172.16.128.1;true;
;;;;;;;;;;28/06/15 01:03;0.94 ms;172.16.128.1;true;
;;;;;;;;;;28/06/15 00:03;1.1 ms;172.16.128.1;true;
;;;;;;;;;;27/06/15 23:03;0.94 ms;172.16.128.1;true;
;;;;;;;;;;27/06/15 22:03;0.95 ms;172.16.128.1;true;
;;;;;;;;;;27/06/15 21:03;1.1 ms;172.16.128.1;true;
;;;;;;;;;;27/06/15 20:03;0.94 ms;172.16.128.1;true;
;;;;;;;;;;27/06/15 19:03;1.16 ms;172.16.128.1;true;
;;;;;;;;;;27/06/15 18:03;0.94 ms;172.16.128.1;true;
;;;;;;;;;;27/06/15 17:03;1.01 ms;172.16.128.1;true;
;;;;;;;;;;27/06/15 16:03;1.02 ms;172.16.128.1;true;
;;;;;;;;;;27/06/15 15:03;1.08 ms;172.16.128.1;true;
;;;;;;;;;;27/06/15 14:03;0.99 ms;172.16.128.1;true;
;;;;;;;;;;27/06/15 13:03;1.03 ms;172.16.128.1;true;
;;;;;;;;;;27/06/15 12:03;1.2 ms;172.16.128.1;true;
;;;;;;;;;;27/06/15 11:03;0.9 ms;172.16.128.1;true;
;;;;;;;;;;27/06/15 10:03;0.92 ms;172.16.128.1;true;
;;;;;;;;;;27/06/15 09:03;0.94 ms;172.16.128.1;true;
;;;;;;;;;;27/06/15 08:03;0.98 ms;172.16.128.1;true;
;;;;;;;;;;27/06/15 07:03;1.11 ms;172.16.128.1;true;
;;;;;;;;;;27/06/15 05:03;1.1 ms;172.16.128.1;true;
;;;;;;;;;;27/06/15 04:03;1.08 ms;172.16.128.1;true;
;;;;;;;;;;27/06/15 03:03;1.31 ms;172.16.128.1;true;
;;;;;;;;;;27/06/15 02:03;1.07 ms;172.16.128.1;true;
;;;;;;;;;;27/06/15 01:03;0.46 ms;192.168.2.1;true;
;;;;;;;;;;27/06/15 01:03;1.4 ms;172.16.128.1;true;
;;;;;;;;;;27/06/15 00:03;4.73 ms;192.168.10.253;true;
;;;;;;;;;;27/06/15 00:03;1.07 ms;172.16.128.1;true;
;;;;;;;;;;26/06/15 23:03;1.06 ms;172.16.128.1;true;
;;;;;;;;;;26/06/15 22:03;1.06 ms;172.16.128.1;true;
;;;;;;;;;;26/06/15 21:03;0.99 ms;172.16.128.1;true;
;;;;;;;;;;26/06/15 20:03;0.91 ms;172.16.128.1;true;
;;;;;;;;;;26/06/15 19:03;0.96 ms;172.16.128.1;true;
;;;;;;;;;;26/06/15 18:03;0.95 ms;172.16.128.1;true;
;;;;;;;;;;26/06/15 17:03;0.89 ms;172.16.128.1;true;
;;;;;;;;;;26/06/15 16:03;1.26 ms;172.16.128.1;true;
;;;;;;;;;;26/06/15 15:03;0.9 ms;172.16.128.1;true;
;;;;;;;;;;26/06/15 13:03;1.28 ms;172.16.128.1;true;
;;;;;;;;;;26/06/15 12:03;1.1 ms;172.16.128.1;true;
;;;;;;;;;;26/06/15 11:03;1.26 ms;172.16.128.1;true;
;;;;;;;;;;26/06/15 10:03;0.94 ms;172.16.128.1;true;
;;;;;;;;;;26/06/15 09:03;0.9 ms;172.16.128.1;true;
;;;;;;;;;;26/06/15 08:03;0.9 ms;172.16.128.1;true;
;;;;;;;;;;26/06/15 07:03;1.29 ms;172.16.128.1;true;
;;;;;;;;;;26/06/15 06:03;1.23 ms;172.16.128.1;true;
;;;;;;;;;;26/06/15 05:03;1.2 ms;172.16.128.1;true;
;;;;;;;;;;26/06/15 04:03;0.95 ms;172.16.128.1;true;
;;;;;;;;;;26/06/15 03:03;1.21 ms;172.16.128.1;true;
;;;;;;;;;;26/06/15 02:03;1.03 ms;172.16.128.1;true;
;;;;;;;;;;26/06/15 01:03;1.12 ms;172.16.128.1;true;
;;;;;;;;;;26/06/15 00:03;0.92 ms;172.16.128.1;true;
;;;;;;;;;;25/06/15 23:03;0.95 ms;172.16.128.1;true;
;;;;;;;;;;25/06/15 22:03;0.78 ms;192.168.0.1;true;
;;;;;;;;;;25/06/15 22:03;1.05 ms;172.16.128.1;true;
;;;;;;;;;;25/06/15 21:03;1.29 ms;172.16.128.1;true;
;;;;;;;;;;25/06/15 20:03;1.27 ms;172.16.128.1;true;
;;;;;;;;;;25/06/15 19:03;0.96 ms;172.16.128.1;true;
;;;;;;;;;;25/06/15 18:03;0.9 ms;172.16.128.1;true;
;;;;;;;;;;25/06/15 17:03;1.15 ms;172.16.128.1;true;
;;;;;;;;;;25/06/15 16:03;0.89 ms;192.168.0.3;true;
;;;;;;;;;;25/06/15 16:03;0.95 ms;172.16.128.1;true;
;;;;;;;;;;25/06/15 15:03;1.22 ms;172.16.128.1;true;
;;;;;;;;;;25/06/15 14:03;0.62 ms;192.168.1.1;true;
;;;;;;;;;;25/06/15 14:03;1.2 ms;172.16.128.1;true;
;;;;;;;;;;25/06/15 13:03;1.12 ms;172.16.128.1;true;
;;;;;;;;;;25/06/15 12:03;1.15 ms;172.16.128.1;true;
;;;;;;;;;;25/06/15 10:03;1.08 ms;172.16.128.1;true;
;;;;;;;;;;25/06/15 09:03;1.35 ms;172.16.128.1;true;
;;;;;;;;;;25/06/15 08:03;1.25 ms;172.16.128.1;true;
;;;;;;;;;;25/06/15 07:03;1.87 ms;172.16.128.1;true;
;;;;;;;;;;25/06/15 06:03;1.42 ms;172.16.128.1;true;
;;;;;;;;;;25/06/15 05:03;0.96 ms;172.16.128.1;true;
;;;;;;;;;;25/06/15 04:03;1.05 ms;172.16.128.1;true;
;;;;;;;;;;25/06/15 02:03;1.07 ms;172.16.128.1;true;
;;;;;;;;;;25/06/15 01:03;0.97 ms;172.16.128.1;true;
;;;;;;;;;;25/06/15 00:03;1.08 ms;172.16.128.1;true;
;;;;;;;;;;24/06/15 23:03;0.89 ms;172.16.128.1;true;
;;;;;;;;;;24/06/15 22:03;1.13 ms;172.16.128.1;true;
;;;;;;;;;;24/06/15 21:03;1.07 ms;172.16.128.1;true;
;;;;;;;;;;24/06/15 20:03;1.12 ms;172.16.128.1;true;
;;;;;;;;;;24/06/15 19:03;1.63 ms;172.16.128.1;true;
;;;;;;;;;;24/06/15 18:03;1.23 ms;172.16.128.1;true;
;;;;;;;;;;24/06/15 17:03;0.97 ms;172.16.128.1;true;
;;;;;;;;;;24/06/15 16:03;1.09 ms;172.16.128.1;true;
;;;;;;;;;;24/06/15 15:03;0.94 ms;172.16.128.1;true;
;;;;;;;;;;24/06/15 14:03;1.25 ms;172.16.128.1;true;
;;;;;;;;;;24/06/15 13:03;1.32 ms;172.16.128.1;true;
;;;;;;;;;;24/06/15 12:03;1.32 ms;172.16.128.1;true;
;;;;;;;;;;24/06/15 11:03;0.92 ms;172.16.128.1;true;
;;;;;;;;;;24/06/15 10:03;0.93 ms;172.16.128.1;true;
;;;;;;;;;;24/06/15 09:03;0.88 ms;172.16.128.1;true;
;;;;;;;;;;24/06/15 08:03;0.94 ms;172.16.128.1;true;
;;;;;;;;;;24/06/15 07:03;1.19 ms;172.16.128.1;true;
;;;;;;;;;;24/06/15 06:03;0.96 ms;172.16.128.1;true;
;;;;;;;;;;24/06/15 05:03;0.97 ms;172.16.128.1;true;
;;;;;;;;;;24/06/15 04:03;1.13 ms;172.16.128.1;true;
;;;;;;;;;;24/06/15 03:03;2.18 ms;131.161.192.6;true;
;;;;;;;;;;24/06/15 02:03;1.28 ms;172.16.128.1;true;
;;;;;;;;;;24/06/15 01:03;0.98 ms;172.16.128.1;true;
;;;;;;;;;;24/06/15 00:03;1.22 ms;172.16.128.1;true;
;;;;;;;;;;23/06/15 23:03;1.84 ms;172.16.128.1;true;
;;;;;;;;;;23/06/15 22:03;5.42 ms;192.168.30.1;true;
;;;;;;;;;;23/06/15 22:03;1.01 ms;172.16.128.1;true;
;;;;;;;;;;23/06/15 21:03;1.22 ms;172.16.128.1;true;
;;;;;;;;;;23/06/15 20:03;1.08 ms;172.16.128.1;true;
;;;;;;;;;;23/06/15 19:03;0.93 ms;172.16.128.1;true;
;;;;;;;;;;23/06/15 18:03;1.03 ms;172.16.128.1;true;
;;;;;;;;;;23/06/15 17:03;2.08 ms;172.16.128.1;true;
;;;;;;;;;;23/06/15 16:03;1.36 ms;172.16.128.1;true;
;;;;;;;;;;23/06/15 15:03;1.28 ms;172.16.128.1;true;
;;;;;;;;;;23/06/15 14:03;2.77 ms;172.16.128.1;true;
;;;;;;;;;;23/06/15 13:03;0.99 ms;172.16.128.1;true;
